167
874
1664
0 1 3 6 0 4 5 6 
1 1 3 6 4 1 7 8 
2 1 3 7 1 9 48 49 
3 1 3 7 9 10 50 51 
4 1 3 7 10 11 52 53 
5 1 3 7 11 12 54 55 
6 1 3 7 12 13 56 57 
7 1 3 7 13 14 58 59 
8 1 3 7 14 15 60 61 
9 1 3 7 15 16 62 63 
10 1 3 7 16 17 64 65 
11 1 3 7 17 18 66 67 
12 1 3 7 18 19 68 69 
13 1 3 7 19 20 70 71 
14 1 3 7 20 21 72 73 
15 1 3 7 21 22 74 75 
16 1 3 7 22 23 76 77 
17 1 3 7 23 24 78 79 
18 1 3 7 24 25 80 81 
19 1 3 7 25 26 82 83 
20 1 3 7 26 27 84 85 
21 1 3 7 27 28 86 87 
22 1 3 7 28 29 88 89 
23 1 3 7 29 30 90 91 
24 1 3 7 30 31 92 93 
25 1 3 7 31 32 94 95 
26 1 3 7 32 33 96 97 
27 1 3 7 33 34 98 99 
28 1 3 7 34 35 100 101 
29 1 3 7 35 36 102 103 
30 1 3 7 36 37 104 105 
31 1 3 7 37 38 106 107 
32 1 3 7 38 39 108 109 
33 1 3 7 39 40 110 111 
34 1 3 7 40 41 112 113 
35 1 3 7 41 42 114 115 
36 1 3 7 42 43 116 117 
37 1 3 7 43 44 118 119 
38 1 3 7 44 45 120 121 
39 1 3 7 45 46 122 123 
40 1 3 7 46 47 124 125 
41 1 3 7 47 2 126 127 
42 1 3 9 2 128 129 130 
43 1 3 9 128 3 131 132 
44 1 3 8 3 133 172 173 
45 1 3 8 133 134 174 175 
46 1 3 8 134 135 176 177 
47 1 3 8 135 136 178 179 
48 1 3 8 136 137 180 181 
49 1 3 8 137 138 182 183 
50 1 3 8 138 139 184 185 
51 1 3 8 139 140 186 187 
52 1 3 8 140 141 188 189 
53 1 3 8 141 142 190 191 
54 1 3 8 142 143 192 193 
55 1 3 8 143 144 194 195 
56 1 3 8 144 145 196 197 
57 1 3 8 145 146 198 199 
58 1 3 8 146 147 200 201 
59 1 3 8 147 148 202 203 
60 1 3 8 148 149 204 205 
61 1 3 8 149 150 206 207 
62 1 3 8 150 151 208 209 
63 1 3 8 151 152 210 211 
64 1 3 8 152 153 212 213 
65 1 3 8 153 154 214 215 
66 1 3 8 154 155 216 217 
67 1 3 8 155 156 218 219 
68 1 3 8 156 157 220 221 
69 1 3 8 157 158 222 223 
70 1 3 8 158 159 224 225 
71 1 3 8 159 160 226 227 
72 1 3 8 160 161 228 229 
73 1 3 8 161 162 230 231 
74 1 3 8 162 163 232 233 
75 1 3 8 163 164 234 235 
76 1 3 8 164 165 236 237 
77 1 3 8 165 166 238 239 
78 1 3 8 166 167 240 241 
79 1 3 8 167 168 242 243 
80 1 3 8 168 169 244 245 
81 1 3 8 169 170 246 247 
82 1 3 8 170 171 248 249 
83 1 3 8 171 0 250 251 
84 3 3 5 166 167 285 256 240 241 294 295 296 297 298 299 300 301 302 303 
85 3 3 5 269 29 30 289 304 305 90 91 306 307 308 309 310 311 312 313 
86 3 3 5 255 284 169 170 314 315 316 317 246 247 318 319 320 321 322 323 
87 3 3 5 267 283 148 149 324 325 326 327 204 205 328 329 330 331 332 333 
88 3 3 5 286 272 137 138 334 335 336 337 182 183 338 339 340 341 342 343 
89 3 3 5 287 271 140 141 344 345 346 347 188 189 348 349 350 351 352 353 
90 3 3 5 288 270 143 144 354 355 356 357 194 195 358 359 360 361 362 363 
91 3 3 5 38 260 270 37 364 365 366 367 368 369 106 107 370 371 372 373 
92 3 3 5 41 257 271 40 374 375 376 377 378 379 112 113 380 381 382 383 
93 3 3 5 44 252 272 43 384 385 386 387 388 389 118 119 390 391 392 393 
94 3 3 5 35 262 282 34 394 395 396 397 398 399 100 101 400 401 402 403 
95 3 3 5 160 161 276 261 228 229 404 405 406 407 408 409 410 411 412 413 
96 3 3 5 164 165 278 258 236 237 414 415 416 417 418 419 420 421 422 423 
97 3 3 5 162 163 275 259 232 233 424 425 426 427 428 429 430 431 432 433 
98 3 3 5 158 159 277 263 224 225 434 435 436 437 438 439 440 441 442 443 
99 3 3 5 156 157 280 264 220 221 444 445 446 447 448 449 450 451 452 453 
100 3 3 5 46 253 274 45 454 455 456 457 458 459 122 123 460 461 462 463 
101 3 3 5 152 153 281 266 212 213 464 465 466 467 468 469 470 471 472 473 
102 3 3 5 154 155 279 268 216 217 474 475 476 477 478 479 480 481 482 483 
103 3 3 5 46 273 134 253 484 485 486 487 488 489 455 454 490 491 492 493 
104 3 3 5 33 265 283 32 494 495 496 497 498 499 96 97 500 501 502 503 
105 3 3 5 12 254 284 11 504 505 506 507 508 509 54 55 510 511 512 513 
106 3 3 5 149 150 289 267 206 207 514 515 516 517 329 328 518 519 520 521 
107 3 3 5 135 136 252 274 178 179 522 523 524 525 526 527 528 529 530 531 
108 3 3 5 29 269 266 28 305 304 532 533 534 535 88 89 536 537 538 539 
109 3 3 5 17 275 258 16 540 541 542 543 544 545 64 65 546 547 548 549 
110 3 3 5 15 278 256 14 550 551 552 553 554 555 60 61 556 557 558 559 
111 3 3 5 19 276 259 18 560 561 562 563 564 565 68 69 566 567 568 569 
112 3 3 5 146 147 265 282 200 201 570 571 572 573 574 575 576 577 578 579 
113 3 3 5 21 277 261 20 580 581 582 583 584 585 72 73 586 587 588 589 
114 3 3 5 23 280 263 22 590 591 592 593 594 595 76 77 596 597 598 599 
115 3 3 5 25 279 264 24 600 601 602 603 604 605 80 81 606 607 608 609 
116 3 3 5 27 281 268 26 610 611 612 613 614 615 84 85 616 617 618 619 
117 3 3 5 167 168 254 285 242 243 620 621 622 623 295 294 624 625 626 627 
118 3 3 5 138 139 257 286 184 185 628 629 630 631 339 338 632 633 634 635 
119 3 3 5 144 145 262 288 196 197 636 637 638 639 359 358 640 641 642 643 
120 3 3 5 141 142 260 287 190 191 644 645 646 647 349 348 648 649 650 651 
121 3 3 5 170 171 291 255 248 249 652 653 654 655 319 318 656 657 658 659 
122 3 3 5 134 273 290 133 487 486 660 661 662 663 174 175 664 665 666 667 
123 3 3 5 266 269 151 152 533 532 668 669 210 211 469 468 670 671 672 673 
124 3 3 5 288 36 37 270 674 675 104 105 369 368 355 354 676 677 678 679 
125 3 3 5 268 281 153 154 613 612 465 464 214 215 479 478 680 681 682 683 
126 3 3 5 287 39 40 271 684 685 110 111 379 378 345 344 686 687 688 689 
127 3 3 5 264 279 155 156 603 602 475 474 218 219 449 448 690 691 692 693 
128 3 3 5 265 33 34 282 495 494 98 99 399 398 573 572 694 695 696 697 
129 3 3 5 263 280 157 158 593 592 445 444 222 223 439 438 698 699 700 701 
130 3 3 5 286 42 43 272 702 703 116 117 389 388 335 334 704 705 706 707 
131 3 3 5 261 277 159 160 583 582 435 434 226 227 409 408 708 709 710 711 
132 3 3 5 259 276 161 162 563 562 405 404 230 231 429 428 712 713 714 715 
133 3 3 5 258 275 163 164 543 542 425 424 234 235 419 418 716 717 718 719 
134 3 3 5 256 278 165 166 553 552 415 414 238 239 299 298 720 721 722 723 
135 3 3 5 252 44 45 274 385 384 120 121 459 458 525 524 724 725 726 727 
136 3 3 5 32 283 267 31 499 498 325 324 728 729 94 95 730 731 732 733 
137 3 3 5 255 10 11 284 734 735 52 53 509 508 315 314 736 737 738 739 
138 3 3 5 254 12 13 285 505 504 56 57 740 741 623 622 742 743 744 745 
139 3 3 5 257 41 42 286 375 374 114 115 703 702 631 630 746 747 748 749 
140 3 3 5 260 38 39 287 365 364 108 109 685 684 647 646 750 751 752 753 
141 3 3 5 262 35 36 288 395 394 102 103 675 674 639 638 754 755 756 757 
142 3 3 5 269 289 150 151 309 308 515 514 208 209 669 668 758 759 760 761 
143 3 3 5 272 252 136 137 387 386 523 522 180 181 337 336 762 763 764 765 
144 3 3 5 270 260 142 143 367 366 645 644 192 193 357 356 766 767 768 769 
145 3 3 5 282 262 145 146 397 396 637 636 198 199 575 574 770 771 772 773 
146 3 3 5 274 253 134 135 457 456 489 488 176 177 527 526 774 775 776 777 
147 3 3 5 271 257 139 140 377 376 629 628 186 187 347 346 778 779 780 781 
148 3 3 5 277 21 22 263 581 580 74 75 595 594 437 436 782 783 784 785 
149 3 3 5 285 13 14 256 741 740 58 59 555 554 297 296 786 787 788 789 
150 3 3 5 278 15 16 258 551 550 62 63 545 544 417 416 790 791 792 793 
151 3 3 5 275 17 18 259 541 540 66 67 565 564 427 426 794 795 796 797 
152 3 3 5 276 19 20 261 561 560 70 71 585 584 407 406 798 799 800 801 
153 3 3 5 279 25 26 268 601 600 82 83 615 614 477 476 802 803 804 805 
154 3 3 5 284 254 168 169 507 506 621 620 244 245 317 316 806 807 808 809 
155 3 3 5 281 27 28 266 611 610 86 87 535 534 467 466 810 811 812 813 
156 3 3 5 289 30 31 267 307 306 92 93 729 728 517 516 814 815 816 817 
157 3 3 5 280 23 24 264 591 590 78 79 605 604 447 446 818 819 820 821 
158 3 3 5 283 265 147 148 497 496 571 570 202 203 327 326 822 823 824 825 
159 3 3 5 4 291 171 0 826 827 653 652 250 251 5 6 828 829 830 831 
160 3 3 5 133 290 128 3 663 662 832 833 131 132 172 173 834 835 836 837 
161 3 3 5 46 47 292 273 124 125 838 839 840 841 485 484 842 843 844 845 
162 3 3 5 10 255 293 9 735 734 846 847 848 849 50 51 850 851 852 853 
163 3 3 5 9 293 4 1 849 848 854 855 7 8 48 49 856 857 858 859 
164 3 3 5 128 292 47 2 860 861 839 838 126 127 129 130 862 863 864 865 
165 3 3 5 273 292 128 290 841 840 861 860 833 832 661 660 866 867 868 869 
166 3 3 5 255 291 4 293 655 654 827 826 855 854 847 846 870 871 872 873 
