874
0 0 0
0.0005 0 0
0.0005 0.01 0
0 0.01 0
0.00025 0 0
8.33333e-05 0 0
0.000166667 0 0
0.000333333 0 0
0.000416667 0 0
0.0005 0.00025 0
0.0005 0.0005 0
0.0005 0.00075 0
0.0005 0.001 0
0.0005 0.00125 0
0.0005 0.0015 0
0.0005 0.00175 0
0.0005 0.002 0
0.0005 0.00225 0
0.0005 0.0025 0
0.0005 0.00275 0
0.0005 0.003 0
0.0005 0.00325 0
0.0005 0.0035 0
0.0005 0.00375 0
0.0005 0.004 0
0.0005 0.00425 0
0.0005 0.0045 0
0.0005 0.00475 0
0.0005 0.005 0
0.0005 0.00525 0
0.0005 0.0055 0
0.0005 0.00575 0
0.0005 0.006 0
0.0005 0.00625 0
0.0005 0.0065 0
0.0005 0.00675 0
0.0005 0.007 0
0.0005 0.00725 0
0.0005 0.0075 0
0.0005 0.00775 0
0.0005 0.008 0
0.0005 0.00825 0
0.0005 0.0085 0
0.0005 0.00875 0
0.0005 0.009 0
0.0005 0.00925 0
0.0005 0.0095 0
0.0005 0.00975 0
0.0005 8.33333e-05 0
0.0005 0.000166667 0
0.0005 0.000333333 0
0.0005 0.000416667 0
0.0005 0.000583333 0
0.0005 0.000666667 0
0.0005 0.000833333 0
0.0005 0.000916667 0
0.0005 0.00108333 0
0.0005 0.00116667 0
0.0005 0.00133333 0
0.0005 0.00141667 0
0.0005 0.00158333 0
0.0005 0.00166667 0
0.0005 0.00183333 0
0.0005 0.00191667 0
0.0005 0.00208333 0
0.0005 0.00216667 0
0.0005 0.00233333 0
0.0005 0.00241667 0
0.0005 0.00258333 0
0.0005 0.00266667 0
0.0005 0.00283333 0
0.0005 0.00291667 0
0.0005 0.00308333 0
0.0005 0.00316667 0
0.0005 0.00333333 0
0.0005 0.00341667 0
0.0005 0.00358333 0
0.0005 0.00366667 0
0.0005 0.00383333 0
0.0005 0.00391667 0
0.0005 0.00408333 0
0.0005 0.00416667 0
0.0005 0.00433333 0
0.0005 0.00441667 0
0.0005 0.00458333 0
0.0005 0.00466667 0
0.0005 0.00483333 0
0.0005 0.00491667 0
0.0005 0.00508333 0
0.0005 0.00516667 0
0.0005 0.00533333 0
0.0005 0.00541667 0
0.0005 0.00558333 0
0.0005 0.00566667 0
0.0005 0.00583333 0
0.0005 0.00591667 0
0.0005 0.00608333 0
0.0005 0.00616667 0
0.0005 0.00633333 0
0.0005 0.00641667 0
0.0005 0.00658333 0
0.0005 0.00666667 0
0.0005 0.00683333 0
0.0005 0.00691667 0
0.0005 0.00708333 0
0.0005 0.00716667 0
0.0005 0.00733333 0
0.0005 0.00741667 0
0.0005 0.00758333 0
0.0005 0.00766667 0
0.0005 0.00783333 0
0.0005 0.00791667 0
0.0005 0.00808333 0
0.0005 0.00816667 0
0.0005 0.00833333 0
0.0005 0.00841667 0
0.0005 0.00858333 0
0.0005 0.00866667 0
0.0005 0.00883333 0
0.0005 0.00891667 0
0.0005 0.00908333 0
0.0005 0.00916667 0
0.0005 0.00933333 0
0.0005 0.00941667 0
0.0005 0.00958333 0
0.0005 0.00966667 0
0.0005 0.00983333 0
0.0005 0.00991667 0
0.00025 0.01 0
0.000416667 0.01 0
0.000333333 0.01 0
0.000166667 0.01 0
8.33333e-05 0.01 0
0 0.00975 0
0 0.0095 0
0 0.00925 0
0 0.009 0
0 0.00875 0
0 0.0085 0
0 0.00825 0
0 0.008 0
0 0.00775 0
0 0.0075 0
0 0.00725 0
0 0.007 0
0 0.00675 0
0 0.0065 0
0 0.00625 0
0 0.006 0
0 0.00575 0
0 0.0055 0
0 0.00525 0
0 0.005 0
0 0.00475 0
0 0.0045 0
0 0.00425 0
0 0.004 0
0 0.00375 0
0 0.0035 0
0 0.00325 0
0 0.003 0
0 0.00275 0
0 0.0025 0
0 0.00225 0
0 0.002 0
0 0.00175 0
0 0.0015 0
0 0.00125 0
0 0.001 0
0 0.00075 0
0 0.0005 0
0 0.00025 0
0 0.00991667 0
0 0.00983333 0
0 0.00966667 0
0 0.00958333 0
0 0.00941667 0
0 0.00933333 0
0 0.00916667 0
0 0.00908333 0
0 0.00891667 0
0 0.00883333 0
0 0.00866667 0
0 0.00858333 0
0 0.00841667 0
0 0.00833333 0
0 0.00816667 0
0 0.00808333 0
0 0.00791667 0
0 0.00783333 0
0 0.00766667 0
0 0.00758333 0
0 0.00741667 0
0 0.00733333 0
0 0.00716667 0
0 0.00708333 0
0 0.00691667 0
0 0.00683333 0
0 0.00666667 0
0 0.00658333 0
0 0.00641667 0
0 0.00633333 0
0 0.00616667 0
0 0.00608333 0
0 0.00591667 0
0 0.00583333 0
0 0.00566667 0
0 0.00558333 0
0 0.00541667 0
0 0.00533333 0
0 0.00516667 0
0 0.00508333 0
0 0.00491667 0
0 0.00483333 0
0 0.00466667 0
0 0.00458333 0
0 0.00441667 0
0 0.00433333 0
0 0.00416667 0
0 0.00408333 0
0 0.00391667 0
0 0.00383333 0
0 0.00366667 0
0 0.00358333 0
0 0.00341667 0
0 0.00333333 0
0 0.00316667 0
0 0.00308333 0
0 0.00291667 0
0 0.00283333 0
0 0.00266667 0
0 0.00258333 0
0 0.00241667 0
0 0.00233333 0
0 0.00216667 0
0 0.00208333 0
0 0.00191667 0
0 0.00183333 0
0 0.00166667 0
0 0.00158333 0
0 0.00141667 0
0 0.00133333 0
0 0.00116667 0
0 0.00108333 0
0 0.000916667 0
0 0.000833333 0
0 0.000666667 0
0 0.000583333 0
0 0.000416667 0
0 0.000333333 0
0 0.000166667 0
0 8.33333e-05 0
0.000250197 0.0089859 0
0.000251581 0.00939066 0
0.000250486 0.000986884 0
0.000254098 0.000416332 0
0.000250206 0.00148846 0
0.00024976 0.00823781 0
0.000250156 0.00198852 0
0.000250171 0.00248853 0
0.000249742 0.00748782 0
0.000250172 0.00298853 0
0.00024979 0.00673865 0
0.000250172 0.00348853 0
0.000250172 0.00398853 0
0.000249851 0.00623854 0
0.00025003 0.00498774 0
0.000250185 0.00573869 0
0.000250161 0.00448851 0
0.000249992 0.00524054 0
0.000249891 0.0072405 0
0.000249891 0.00799049 0
0.000250045 0.00874021 0
0.000252238 0.00967437 0
0.000250379 0.00922682 0
0.000250103 0.00224249 0
0.000250106 0.00274249 0
0.000250106 0.00324249 0
0.000250098 0.00174248 0
0.000250105 0.00424249 0
0.000250106 0.00374249 0
0.000250071 0.00474236 0
0.000249946 0.00649251 0
0.000250001 0.00599253 0
0.000251237 0.000730566 0
0.000250207 0.00124222 0
0.000249922 0.00849277 0
0.000249878 0.00774281 0
0.000249889 0.00699295 0
0.000250066 0.00549298 0
0.000151576 0.00979536 0
0.000152583 0.000225112 0
0.000351094 0.00979494 0
0.000351999 0.000226041 0
8.34024e-05 0.00124741 0
0.000166805 0.00124481 0
0.000250207 0.0013243 0
0.000250206 0.00140638 0
0.000166804 0.00149231 0
8.34019e-05 0.00149615 0
8.34021e-05 0.00141324 0
8.34022e-05 0.00133032 0
0.000166804 0.00132731 0
0.000166804 0.00140981 0
0.000333328 0.00524369 0
0.000416664 0.00524685 0
0.000416689 0.00549766 0
0.000333377 0.00549532 0
0.000250041 0.00540883 0
0.000250017 0.00532468 0
0.000333344 0.00532757 0
0.000416672 0.00533045 0
0.00041668 0.00541405 0
0.000333361 0.00541144 0
0.000253145 0.000521077 0
0.000252191 0.000625821 0
0.000167491 0.000737044 0
8.37457e-05 0.000743522 0
8.46994e-05 0.000472111 0
0.000169399 0.000444221 0
0.000168763 0.000541829 0
0.000168127 0.000639436 0
8.40636e-05 0.000653051 0
8.43815e-05 0.000562581 0
0.000250123 0.00582331 0
0.000250062 0.00590792 0
0.000166667 0.00599502 0
8.33337e-05 0.00599751 0
8.33949e-05 0.00574623 0
0.00016679 0.00574246 0
0.000166749 0.00582665 0
0.000166708 0.00591083 0
8.33541e-05 0.00591375 0
8.33745e-05 0.00582999 0
0.000249963 0.00857525 0
0.000250004 0.00865773 0
0.000166697 0.00874348 0
8.33484e-05 0.00874674 0
8.33072e-05 0.00849759 0
0.000166614 0.00849518 0
0.000166642 0.00857795 0
0.000166669 0.00866071 0
8.33347e-05 0.00866369 0
8.33209e-05 0.00858064 0
0.000249882 0.00782537 0
0.000249886 0.00790793 0
0.000166594 0.00799366 0
8.32968e-05 0.00799683 0
8.32927e-05 0.0077476 0
0.000166585 0.00774521 0
0.000166588 0.00782802 0
0.000166591 0.00791084 0
8.32955e-05 0.00791375 0
8.32941e-05 0.00783068 0
0.00024989 0.00707547 0
0.00024989 0.00715799 0
0.000166594 0.00724367 0
8.32969e-05 0.00724683 0
8.32965e-05 0.00699765 0
0.000166593 0.0069953 0
0.000166593 0.00707809 0
0.000166594 0.00716088 0
8.32968e-05 0.00716377 0
8.32966e-05 0.00708071 0
0.000416581 0.00749594 0
0.000333162 0.00749188 0
0.000249792 0.00740538 0
0.000249841 0.00732294 0
0.000333261 0.00724367 0
0.00041663 0.00724683 0
0.000416597 0.0074129 0
0.000333195 0.00740914 0
0.000333228 0.0073264 0
0.000416614 0.00732987 0
0.000416587 0.00824594 0
0.000333174 0.00824188 0
0.000249804 0.00815537 0
0.000249847 0.00807293 0
0.00033326 0.00799366 0
0.00041663 0.00799683 0
0.000416601 0.0081629 0
0.000333202 0.00815914 0
0.000333231 0.0080764 0
0.000416616 0.00807987 0
0.000416732 0.0089953 0
0.000333465 0.0089906 0
0.000250146 0.008904 0
0.000250096 0.00882211 0
0.000333363 0.00874348 0
0.000416682 0.00874674 0
0.000416715 0.00891245 0
0.000333431 0.00890822 0
0.000333397 0.00882585 0
0.000416699 0.00882959 0
0.000416597 0.00674622 0
0.000333193 0.00674243 0
0.000249842 0.0066566 0
0.000249894 0.00657456 0
0.000333297 0.00649501 0
0.000416649 0.0064975 0
0.000416614 0.00666331 0
0.000333228 0.00665996 0
0.000333263 0.00657748 0
0.000416631 0.00658041 0
8.33688e-05 0.0027475 0
0.000166738 0.002745 0
0.000250128 0.0028245 0
0.00025015 0.00290651 0
0.000166781 0.00299235 0
8.33907e-05 0.00299618 0
8.33834e-05 0.00291328 0
8.33761e-05 0.00283039 0
0.000166752 0.00282745 0
0.000166767 0.0029099 0
8.33661e-05 0.00174749 0
0.000166732 0.00174498 0
0.000250118 0.00182449 0
0.000250137 0.0019065 0
0.000166771 0.00199235 0
8.33854e-05 0.00199617 0
8.3379e-05 0.00191328 0
8.33725e-05 0.00183039 0
0.000166745 0.00182744 0
0.000166758 0.00190989 0
8.33675e-05 0.0022475 0
0.000166735 0.00224499 0
0.000250125 0.0023245 0
0.000250148 0.00240651 0
0.000166781 0.00249235 0
8.33903e-05 0.00249618 0
8.33827e-05 0.00241328 0
8.33751e-05 0.00233039 0
0.00016675 0.00232745 0
0.000166765 0.0024099 0
8.33688e-05 0.0032475 0
0.000166738 0.003245 0
0.000250128 0.0033245 0
0.00025015 0.00340651 0
0.000166781 0.00349235 0
8.33907e-05 0.00349618 0
8.33834e-05 0.00341328 0
8.33761e-05 0.00333039 0
0.000166752 0.00332745 0
0.000166767 0.0034099 0
8.33688e-05 0.0037475 0
0.000166738 0.003745 0
0.000250128 0.0038245 0
0.00025015 0.00390651 0
0.000166781 0.00399235 0
8.33907e-05 0.00399618 0
8.33834e-05 0.00391328 0
8.33761e-05 0.00383039 0
0.000166752 0.00382745 0
0.000166767 0.0039099 0
0.000417194 0.00946355 0
0.000334387 0.0094271 0
0.00025118 0.00933604 0
0.00025078 0.00928143 0
0.000333586 0.00923454 0
0.000416793 0.00924227 0
0.00041706 0.00938979 0
0.00033412 0.00936292 0
0.000333853 0.00929873 0
0.000416927 0.00931603 0
8.33571e-05 0.00474745 0
0.000166714 0.00474491 0
0.000250057 0.00482416 0
0.000250044 0.00490595 0
0.000166687 0.00499182 0
8.33433e-05 0.00499591 0
8.33479e-05 0.00491309 0
8.33525e-05 0.00483027 0
0.000166705 0.00482721 0
0.000166696 0.00490952 0
8.33683e-05 0.0042475 0
0.000166737 0.00424499 0
0.000250124 0.0043245 0
0.000250143 0.0044065 0
0.000166774 0.00449234 0
8.33872e-05 0.00449617 0
8.33809e-05 0.00441328 0
8.33746e-05 0.00433039 0
0.000166749 0.00432744 0
0.000166762 0.00440989 0
0.000417413 0.00955812 0
0.000334825 0.00961625 0
0.000168159 0.00961625 0
8.40793e-05 0.00955812 0
8.38602e-05 0.00946355 0
0.00016772 0.0094271 0
0.000334182 0.00951445 0
0.00025117 0.00956535 0
0.000167515 0.00951445 0
0.000250951 0.00947078 0
0.000416617 0.00624618 0
0.000333234 0.00624236 0
0.000249901 0.00615654 0
0.000249951 0.00607453 0
0.000333334 0.00599502 0
0.000416667 0.00599751 0
0.000416634 0.00616329 0
0.000333268 0.00615992 0
0.000333301 0.00607747 0
0.00041665 0.0060804 0
0.000416829 0.000995628 0
0.000333657 0.000991256 0
0.000250736 0.000901444 0
0.000250987 0.000816005 0
0.000334158 0.000737044 0
0.000417079 0.000743522 0
0.000416912 0.000911593 0
0.000333824 0.000906519 0
0.000333991 0.000821781 0
0.000416996 0.000827557 0
8.33553e-05 0.00549766 0
0.000166711 0.00549532 0
0.000250105 0.00557488 0
0.000250145 0.00565679 0
8.33817e-05 0.00566337 0
8.33685e-05 0.00558052 0
0.000166737 0.0055777 0
0.000166763 0.00566008 0
8.3399e-05 0.0089953 0
0.000166798 0.0089906 0
0.000250258 0.0090662 0
0.000250318 0.00914651 0
0.000166919 0.00923454 0
8.34597e-05 0.00924227 0
8.34395e-05 0.00915995 0
8.34192e-05 0.00907762 0
0.000166838 0.00907191 0
0.000166879 0.00915323 0
0.000250005 0.00515627 0
0.000250017 0.005072 0
0.000333353 0.00499182 0
0.000416677 0.00499591 0
0.000416668 0.0051632 0
0.000333336 0.00515974 0
0.000333345 0.00507578 0
0.000416672 0.00507956 0
0.000416701 0.0022475 0
0.000333402 0.00224499 0
0.00025012 0.00215783 0
0.000250138 0.00207318 0
0.000333438 0.00199235 0
0.000416719 0.00199617 0
0.000416707 0.00216372 0
0.000333414 0.00216078 0
0.000333426 0.00207656 0
0.000416713 0.00207995 0
0.000416699 0.00174749 0
0.000333399 0.00174498 0
0.000250134 0.0016578 0
0.00025017 0.00157313 0
0.00033347 0.00149231 0
0.000416735 0.00149615 0
0.000416711 0.00166371 0
0.000333423 0.00166076 0
0.000333447 0.00157653 0
0.000416723 0.00157993 0
0.000416702 0.0027475 0
0.000333404 0.002745 0
0.000250128 0.00265784 0
0.000250149 0.00257318 0
0.000333447 0.00249235 0
0.000416724 0.00249618 0
0.000416709 0.00266372 0
0.000333419 0.00266078 0
0.000333433 0.00257657 0
0.000416716 0.00257995 0
8.32838e-05 0.00624618 0
0.000166568 0.00624236 0
0.000249883 0.0063232 0
0.000249915 0.00640786 0
0.000166631 0.00649501 0
8.33154e-05 0.0064975 0
8.33049e-05 0.00641373 0
8.32943e-05 0.00632996 0
0.000166589 0.00632658 0
0.00016661 0.00641079 0
0.000416702 0.0032475 0
0.000333404 0.003245 0
0.000250128 0.00315784 0
0.00025015 0.00307318 0
0.000333448 0.00299235 0
0.000416724 0.00299618 0
0.000416709 0.00316372 0
0.000333419 0.00316078 0
0.000333433 0.00307657 0
0.000416717 0.00307995 0
0.000416702 0.0037475 0
0.000333404 0.003745 0
0.000250128 0.00365784 0
0.00025015 0.00357318 0
0.000333448 0.00349235 0
0.000416724 0.00349618 0
0.000416709 0.00366372 0
0.000333419 0.00366078 0
0.000333433 0.00357657 0
0.000416717 0.00357995 0
0.000416702 0.0042475 0
0.000333403 0.00424499 0
0.000250127 0.00415784 0
0.00025015 0.00407318 0
0.000333448 0.00399235 0
0.000416724 0.00399618 0
0.000416709 0.00416372 0
0.000333418 0.00416078 0
0.000333433 0.00407656 0
0.000416717 0.00407995 0
0.00041669 0.00474745 0
0.000333381 0.00474491 0
0.000250101 0.00465775 0
0.000250131 0.00457313 0
0.000333441 0.00449234 0
0.00041672 0.00449617 0
0.0004167 0.00466369 0
0.000333401 0.00466072 0
0.000333421 0.00457653 0
0.00041671 0.00457993 0
8.34954e-05 0.000995628 0
0.000166991 0.000991256 0
0.000250393 0.001072 0
0.0002503 0.00115711 0
8.34334e-05 0.00116348 0
8.34644e-05 0.00107955 0
0.000166929 0.00107578 0
0.000166867 0.00116029 0
8.32534e-05 0.00824594 0
0.000166507 0.00824188 0
0.000249814 0.0083228 0
0.000249868 0.00840779 0
8.32893e-05 0.00841371 0
8.32713e-05 0.00832982 0
0.000166543 0.00832631 0
0.000166579 0.00841075 0
8.32632e-05 0.00674622 0
0.000166526 0.00674243 0
0.000249823 0.00682341 0
0.000249856 0.00690818 0
8.32854e-05 0.00691384 0
8.32743e-05 0.00683003 0
0.000166549 0.00682672 0
0.000166571 0.00691101 0
8.32474e-05 0.00749594 0
0.000166495 0.00749188 0
0.000249788 0.00757281 0
0.000249833 0.00765781 0
8.32776e-05 0.00766372 0
8.32625e-05 0.00757983 0
0.000166525 0.00757632 0
0.000166555 0.00766076 0
5.0861e-05 0.000241704 0
0.000101722 0.000233408 0
0.000186421 0.000288852 0
0.00022026 0.000352592 0
7.342e-05 0.000395308 0
6.21405e-05 0.000318506 0
0.000124281 0.000303679 0
0.00014684 0.00037395 0
0.000218684 0.0097147 0
0.00018513 0.00975503 0
0.000101051 0.00978024 0
5.05254e-05 0.00976512 0
7.28947e-05 0.00962712 0
0.000145789 0.00967091 0
0.00012342 0.00972557 0
6.17101e-05 0.00969612 0
0.000166661 0.00524369 0
8.33306e-05 0.00524685 0
0.000166678 0.00507578 0
0.00016667 0.00515974 0
8.33348e-05 0.0051632 0
8.3339e-05 0.00507956 0
0.00033326 0.0069953 0
0.00041663 0.00699765 0
0.00033326 0.00707809 0
0.00041663 0.00708071 0
0.00041663 0.00716377 0
0.00033326 0.00716088 0
0.000166754 0.00457653 0
0.000166734 0.00466072 0
8.33671e-05 0.00466369 0
8.33771e-05 0.00457993 0
0.000333252 0.00774521 0
0.000416626 0.0077476 0
0.000333255 0.00782802 0
0.000416627 0.00783068 0
0.000416629 0.00791375 0
0.000333258 0.00791084 0
0.000166766 0.00407656 0
0.000166751 0.00416078 0
8.33757e-05 0.00416372 0
8.33832e-05 0.00407995 0
0.000333255 0.00632658 0
0.000416628 0.00632996 0
0.000416638 0.00641373 0
0.000333276 0.00641079 0
0.000166767 0.00357657 0
0.000166752 0.00366078 0
8.33761e-05 0.00366372 0
8.33834e-05 0.00357995 0
0.000333281 0.00849518 0
0.000416641 0.00849759 0
0.000333309 0.00857795 0
0.000416654 0.00858064 0
0.000416668 0.00866369 0
0.000333336 0.00866071 0
0.000166767 0.00307657 0
0.000166752 0.00316078 0
8.33761e-05 0.00316372 0
8.33834e-05 0.00307995 0
0.000166766 0.00257657 0
0.000166752 0.00266078 0
8.3376e-05 0.00266372 0
8.33831e-05 0.00257995 0
0.000166759 0.00207656 0
0.000166747 0.00216078 0
8.33735e-05 0.00216372 0
8.33795e-05 0.00207995 0
0.00016678 0.00157653 0
0.000166756 0.00166076 0
8.3378e-05 0.00166371 0
8.339e-05 0.00157993 0
0.000333505 0.00907191 0
0.000416753 0.00907762 0
0.000416773 0.00915995 0
0.000333546 0.00915323 0
0.000333456 0.00574246 0
0.000416728 0.00574623 0
0.000416687 0.00591375 0
0.000333375 0.00591083 0
0.000333416 0.00582665 0
0.000416708 0.00582999 0
0.000336066 0.000444221 0
0.000418033 0.000472111 0
0.00033543 0.000541829 0
0.000417715 0.000562581 0
0.000417397 0.000653051 0
0.000334794 0.000639436 0
0.000416736 0.00124741 0
0.000333471 0.00124481 0
0.000333595 0.00107578 0
0.000416798 0.00107955 0
0.000416767 0.00116348 0
0.000333533 0.00116029 0
0.000333209 0.00832631 0
0.000416605 0.00832982 0
0.000416623 0.00841371 0
0.000333245 0.00841075 0
0.000333192 0.00757632 0
0.000416596 0.00757983 0
0.000416611 0.00766372 0
0.000333222 0.00766076 0
0.000333215 0.00682672 0
0.000416608 0.00683003 0
0.000416619 0.00691384 0
0.000333237 0.00691101 0
0.000166678 0.00532757 0
0.000166694 0.00541144 0
8.33471e-05 0.00541405 0
8.33389e-05 0.00533045 0
0.000166731 0.00882585 0
0.000166764 0.00890822 0
8.33821e-05 0.00891245 0
8.33653e-05 0.00882959 0
0.000166561 0.0073264 0
0.000166528 0.00740914 0
8.32639e-05 0.0074129 0
8.32804e-05 0.00732987 0
0.000166596 0.00657748 0
0.000166561 0.00665996 0
8.32806e-05 0.00666331 0
8.3298e-05 0.00658041 0
0.000167186 0.00929873 0
0.000167453 0.00936292 0
8.37267e-05 0.00938979 0
8.35932e-05 0.00931603 0
0.000166565 0.0080764 0
0.000166536 0.00815914 0
8.32679e-05 0.0081629 0
8.32824e-05 0.00807987 0
0.000333419 0.00332745 0
0.000416709 0.00333039 0
0.000416717 0.00341328 0
0.000333434 0.0034099 0
0.000333471 0.00132731 0
0.000416736 0.00133032 0
0.000416735 0.00141324 0
0.000333471 0.00140981 0
0.000333412 0.00182744 0
0.000416706 0.00183039 0
0.000416712 0.00191328 0
0.000333425 0.00190989 0
0.000333417 0.00232745 0
0.000416708 0.00233039 0
0.000416716 0.00241328 0
0.000333432 0.0024099 0
0.000333419 0.00282745 0
0.000416709 0.00283039 0
0.000416717 0.00291328 0
0.000333433 0.0029099 0
0.000333416 0.00432744 0
0.000416708 0.00433039 0
0.000416714 0.00441328 0
0.000333428 0.00440989 0
0.000167325 0.000821781 0
0.000167158 0.000906519 0
8.35788e-05 0.000911593 0
8.36623e-05 0.000827557 0
0.000333372 0.00482721 0
0.000416686 0.00483027 0
0.000416681 0.00491309 0
0.000333362 0.00490952 0
0.000333404 0.0055777 0
0.000416702 0.00558052 0
0.000416715 0.00566337 0
0.00033343 0.00566008 0
0.000333419 0.00382745 0
0.000416709 0.00383039 0
0.000416717 0.00391328 0
0.000333433 0.0039099 0
0.000166634 0.00607747 0
0.000166601 0.00615992 0
8.33004e-05 0.00616329 0
8.33171e-05 0.0060804 0
0.000217528 7.50373e-05 0
0.000185055 0.000150075 0
0.000145018 7.78026e-05 0
0.00012337 0.000155605 0
6.16851e-05 0.000161136 0
7.25092e-05 8.0568e-05 0
0.000184384 0.00986357 0
0.000217192 0.00993179 0
6.14614e-05 0.00984341 0
0.000122923 0.00985349 0
0.000144795 0.00992675 0
7.23974e-05 0.00992171 0
0.000450365 0.00976498 0
0.000400729 0.00977996 0
0.000318142 0.00975475 0
0.00028519 0.00971456 0
0.000428397 0.00962708 0
0.000439381 0.00969603 0
0.000378761 0.00972539 0
0.000356793 0.00967082 0
0.000286732 0.000352902 0
0.000319366 0.000289471 0
0.000401333 0.000234027 0
0.000450666 0.000242014 0
0.000428911 0.000395412 0
0.000357821 0.000374157 0
0.000379577 0.000304092 0
0.000439789 0.000318713 0
0.000317999 0.000150694 0
0.000284 7.5347e-05 0
0.000439333 0.000161342 0
0.000378666 0.000156018 0
0.000356 7.80091e-05 0
0.000428 8.06712e-05 0
0.000283698 0.00993165 0
0.000317396 0.00986329 0
0.000355799 0.00992665 0
0.000378264 0.00985331 0
0.000439132 0.00984332 0
0.000427899 0.00992166 0
0.000251588 0.00976423 0
0.000284492 0.00981376 0
0.000250842 0.00987277 0
0.000217986 0.0098139 0
0.00025284 0.000285293 0
0.000218947 0.000217684 0
0.000251474 0.000146515 0
0.00028542 0.000217993 0
