1418
2627
7878
0 1 2 6 0 4 8 
1 1 2 6 4 5 9 
2 1 2 6 5 6 10 
3 1 2 6 6 7 11 
4 1 2 6 7 1 12 
5 1 2 7 1 13 112 
6 1 2 7 13 14 113 
7 1 2 7 14 15 114 
8 1 2 7 15 16 115 
9 1 2 7 16 17 116 
10 1 2 7 17 18 117 
11 1 2 7 18 19 118 
12 1 2 7 19 20 119 
13 1 2 7 20 21 120 
14 1 2 7 21 22 121 
15 1 2 7 22 23 122 
16 1 2 7 23 24 123 
17 1 2 7 24 25 124 
18 1 2 7 25 26 125 
19 1 2 7 26 27 126 
20 1 2 7 27 28 127 
21 1 2 7 28 29 128 
22 1 2 7 29 30 129 
23 1 2 7 30 31 130 
24 1 2 7 31 32 131 
25 1 2 7 32 33 132 
26 1 2 7 33 34 133 
27 1 2 7 34 35 134 
28 1 2 7 35 36 135 
29 1 2 7 36 37 136 
30 1 2 7 37 38 137 
31 1 2 7 38 39 138 
32 1 2 7 39 40 139 
33 1 2 7 40 41 140 
34 1 2 7 41 42 141 
35 1 2 7 42 43 142 
36 1 2 7 43 44 143 
37 1 2 7 44 45 144 
38 1 2 7 45 46 145 
39 1 2 7 46 47 146 
40 1 2 7 47 48 147 
41 1 2 7 48 49 148 
42 1 2 7 49 50 149 
43 1 2 7 50 51 150 
44 1 2 7 51 52 151 
45 1 2 7 52 53 152 
46 1 2 7 53 54 153 
47 1 2 7 54 55 154 
48 1 2 7 55 56 155 
49 1 2 7 56 57 156 
50 1 2 7 57 58 157 
51 1 2 7 58 59 158 
52 1 2 7 59 60 159 
53 1 2 7 60 61 160 
54 1 2 7 61 62 161 
55 1 2 7 62 63 162 
56 1 2 7 63 64 163 
57 1 2 7 64 65 164 
58 1 2 7 65 66 165 
59 1 2 7 66 67 166 
60 1 2 7 67 68 167 
61 1 2 7 68 69 168 
62 1 2 7 69 70 169 
63 1 2 7 70 71 170 
64 1 2 7 71 72 171 
65 1 2 7 72 73 172 
66 1 2 7 73 74 173 
67 1 2 7 74 75 174 
68 1 2 7 75 76 175 
69 1 2 7 76 77 176 
70 1 2 7 77 78 177 
71 1 2 7 78 79 178 
72 1 2 7 79 80 179 
73 1 2 7 80 81 180 
74 1 2 7 81 82 181 
75 1 2 7 82 83 182 
76 1 2 7 83 84 183 
77 1 2 7 84 85 184 
78 1 2 7 85 86 185 
79 1 2 7 86 87 186 
80 1 2 7 87 88 187 
81 1 2 7 88 89 188 
82 1 2 7 89 90 189 
83 1 2 7 90 91 190 
84 1 2 7 91 92 191 
85 1 2 7 92 93 192 
86 1 2 7 93 94 193 
87 1 2 7 94 95 194 
88 1 2 7 95 96 195 
89 1 2 7 96 97 196 
90 1 2 7 97 98 197 
91 1 2 7 98 99 198 
92 1 2 7 99 100 199 
93 1 2 7 100 101 200 
94 1 2 7 101 102 201 
95 1 2 7 102 103 202 
96 1 2 7 103 104 203 
97 1 2 7 104 105 204 
98 1 2 7 105 106 205 
99 1 2 7 106 107 206 
100 1 2 7 107 108 207 
101 1 2 7 108 109 208 
102 1 2 7 109 110 209 
103 1 2 7 110 111 210 
104 1 2 7 111 2 211 
105 1 2 9 2 212 216 
106 1 2 9 212 213 217 
107 1 2 9 213 214 218 
108 1 2 9 214 215 219 
109 1 2 9 215 3 220 
110 1 2 8 3 221 320 
111 1 2 8 221 222 321 
112 1 2 8 222 223 322 
113 1 2 8 223 224 323 
114 1 2 8 224 225 324 
115 1 2 8 225 226 325 
116 1 2 8 226 227 326 
117 1 2 8 227 228 327 
118 1 2 8 228 229 328 
119 1 2 8 229 230 329 
120 1 2 8 230 231 330 
121 1 2 8 231 232 331 
122 1 2 8 232 233 332 
123 1 2 8 233 234 333 
124 1 2 8 234 235 334 
125 1 2 8 235 236 335 
126 1 2 8 236 237 336 
127 1 2 8 237 238 337 
128 1 2 8 238 239 338 
129 1 2 8 239 240 339 
130 1 2 8 240 241 340 
131 1 2 8 241 242 341 
132 1 2 8 242 243 342 
133 1 2 8 243 244 343 
134 1 2 8 244 245 344 
135 1 2 8 245 246 345 
136 1 2 8 246 247 346 
137 1 2 8 247 248 347 
138 1 2 8 248 249 348 
139 1 2 8 249 250 349 
140 1 2 8 250 251 350 
141 1 2 8 251 252 351 
142 1 2 8 252 253 352 
143 1 2 8 253 254 353 
144 1 2 8 254 255 354 
145 1 2 8 255 256 355 
146 1 2 8 256 257 356 
147 1 2 8 257 258 357 
148 1 2 8 258 259 358 
149 1 2 8 259 260 359 
150 1 2 8 260 261 360 
151 1 2 8 261 262 361 
152 1 2 8 262 263 362 
153 1 2 8 263 264 363 
154 1 2 8 264 265 364 
155 1 2 8 265 266 365 
156 1 2 8 266 267 366 
157 1 2 8 267 268 367 
158 1 2 8 268 269 368 
159 1 2 8 269 270 369 
160 1 2 8 270 271 370 
161 1 2 8 271 272 371 
162 1 2 8 272 273 372 
163 1 2 8 273 274 373 
164 1 2 8 274 275 374 
165 1 2 8 275 276 375 
166 1 2 8 276 277 376 
167 1 2 8 277 278 377 
168 1 2 8 278 279 378 
169 1 2 8 279 280 379 
170 1 2 8 280 281 380 
171 1 2 8 281 282 381 
172 1 2 8 282 283 382 
173 1 2 8 283 284 383 
174 1 2 8 284 285 384 
175 1 2 8 285 286 385 
176 1 2 8 286 287 386 
177 1 2 8 287 288 387 
178 1 2 8 288 289 388 
179 1 2 8 289 290 389 
180 1 2 8 290 291 390 
181 1 2 8 291 292 391 
182 1 2 8 292 293 392 
183 1 2 8 293 294 393 
184 1 2 8 294 295 394 
185 1 2 8 295 296 395 
186 1 2 8 296 297 396 
187 1 2 8 297 298 397 
188 1 2 8 298 299 398 
189 1 2 8 299 300 399 
190 1 2 8 300 301 400 
191 1 2 8 301 302 401 
192 1 2 8 302 303 402 
193 1 2 8 303 304 403 
194 1 2 8 304 305 404 
195 1 2 8 305 306 405 
196 1 2 8 306 307 406 
197 1 2 8 307 308 407 
198 1 2 8 308 309 408 
199 1 2 8 309 310 409 
200 1 2 8 310 311 410 
201 1 2 8 311 312 411 
202 1 2 8 312 313 412 
203 1 2 8 313 314 413 
204 1 2 8 314 315 414 
205 1 2 8 315 316 415 
206 1 2 8 316 317 416 
207 1 2 8 317 318 417 
208 1 2 8 318 319 418 
209 1 2 8 319 0 419 
210 2 2 5 506 798 525 920 921 922 
211 2 2 5 561 799 560 923 924 925 
212 2 2 5 804 808 467 926 927 928 
213 2 2 5 574 808 804 929 926 930 
214 2 2 5 797 801 505 931 932 933 
215 2 2 5 565 802 800 934 935 936 
216 2 2 5 561 918 799 937 938 923 
217 2 2 5 798 919 525 939 940 921 
218 2 2 5 801 917 505 941 942 932 
219 2 2 5 565 916 802 943 944 934 
220 2 2 5 661 883 830 945 946 947 
221 2 2 5 632 870 822 948 949 950 
222 2 2 5 823 874 682 951 952 953 
223 2 2 5 621 867 820 954 955 956 
224 2 2 5 421 831 803 957 958 959 
225 2 2 5 582 832 806 960 961 962 
226 2 2 5 595 850 810 963 964 965 
227 2 2 5 818 868 440 966 967 968 
228 2 2 5 813 858 545 969 970 971 
229 2 2 5 531 854 815 972 973 974 
230 2 2 5 529 837 809 975 976 977 
231 2 2 5 829 910 292 978 979 980 
232 2 2 5 646 907 828 981 982 983 
233 2 2 5 299 904 825 984 985 986 
234 2 2 5 827 906 285 987 988 989 
235 2 2 5 824 903 282 990 991 992 
236 2 2 5 639 905 826 993 994 995 
237 2 2 5 821 902 279 996 997 998 
238 2 2 5 819 900 274 999 1000 1001 
239 2 2 5 25 887 805 1002 1003 1004 
240 2 2 5 602 895 814 1005 1006 1007 
241 2 2 5 812 893 262 1008 1009 1010 
242 2 2 5 816 896 265 1011 1012 1013 
243 2 2 5 807 889 253 1014 1015 1016 
244 2 2 5 236 899 817 1017 1018 1019 
245 2 2 5 811 892 233 1020 1021 1022 
246 2 2 5 662 664 449 1023 1024 1025 
247 2 2 5 449 773 662 1026 1027 1025 
248 2 2 5 501 746 667 1028 1029 1030 
249 2 2 5 664 746 449 1031 1032 1024 
250 2 2 5 667 669 501 1033 1034 1030 
251 2 2 5 662 773 660 1027 1035 1036 
252 2 2 5 660 773 463 1035 1037 1038 
253 2 2 5 667 746 664 1029 1031 1039 
254 2 2 5 658 660 463 1040 1038 1041 
255 2 2 5 318 782 317 1042 1043 417 
256 2 2 5 36 793 35 1044 1045 135 
257 2 2 5 671 673 438 1046 1047 1048 
258 2 2 5 486 747 654 1049 1050 1051 
259 2 2 5 654 656 486 1052 1053 1051 
260 2 2 5 44 771 43 1054 1055 143 
261 2 2 5 654 747 652 1050 1056 1057 
262 2 2 5 38 733 37 1058 1059 137 
263 2 2 5 652 747 426 1056 1060 1061 
264 2 2 5 649 652 426 1062 1061 1063 
265 2 2 5 426 734 649 1064 1065 1063 
266 2 2 5 649 734 647 1065 1066 1067 
267 2 2 5 452 523 521 1068 1069 1070 
268 2 2 5 647 734 500 1066 1071 1072 
269 2 2 5 35 692 34 1073 1074 134 
270 2 2 5 645 647 500 1075 1072 1076 
271 2 2 5 35 793 692 1045 1077 1073 
272 2 2 5 521 781 452 1078 1079 1070 
273 2 2 5 33 792 32 1080 1081 132 
274 2 2 5 677 679 435 1082 1083 1084 
275 2 2 5 50 761 49 1085 1086 149 
276 2 2 5 640 642 457 1087 1088 1089 
277 2 2 5 519 781 521 1090 1078 1091 
278 2 2 5 52 745 51 1092 1093 151 
279 2 2 5 32 693 31 1094 1095 131 
280 2 2 5 32 792 693 1081 1096 1094 
281 2 2 5 635 638 458 1097 1098 1099 
282 2 2 5 684 686 479 1100 1101 1102 
283 2 2 5 54 694 53 1103 1104 153 
284 2 2 5 525 782 506 1105 1106 922 
285 2 2 5 686 701 479 1107 1108 1101 
286 2 2 5 54 776 694 1109 1110 1103 
287 2 2 5 429 781 519 1111 1090 1112 
288 2 2 5 688 701 686 1113 1107 1114 
289 2 2 5 483 701 688 1115 1113 1116 
290 2 2 5 55 776 54 1117 1109 154 
291 2 2 5 690 751 483 1118 1119 1120 
292 2 2 5 629 631 494 1121 1122 1123 
293 2 2 5 34 692 435 1074 1124 1125 
294 2 2 5 688 690 483 1126 1120 1116 
295 2 2 5 57 695 56 1127 1128 156 
296 2 2 5 435 692 677 1124 1129 1084 
297 2 2 5 429 519 517 1112 1130 1131 
298 2 2 5 669 733 501 1132 1133 1034 
299 2 2 5 57 775 695 1134 1135 1127 
300 2 2 5 438 733 671 1136 1137 1048 
301 2 2 5 58 775 57 1138 1134 157 
302 2 2 5 463 771 658 1139 1140 1041 
303 2 2 5 656 771 486 1141 1142 1053 
304 2 2 5 622 624 443 1143 1144 1145 
305 2 2 5 31 693 479 1095 1146 1147 
306 2 2 5 317 782 452 1043 1148 1149 
307 2 2 5 452 782 523 1148 1150 1068 
308 2 2 5 443 758 622 1151 1152 1145 
309 2 2 5 43 771 463 1055 1139 1153 
310 2 2 5 486 771 44 1142 1054 1154 
311 2 2 5 37 733 438 1059 1136 1155 
312 2 2 5 506 782 318 1106 1042 1156 
313 2 2 5 479 693 684 1146 1157 1102 
314 2 2 5 501 733 38 1133 1058 1158 
315 2 2 5 517 729 429 1159 1160 1131 
316 2 2 5 622 758 620 1152 1161 1162 
317 2 2 5 620 758 453 1161 1163 1164 
318 2 2 5 618 620 453 1165 1164 1166 
319 2 2 5 500 761 645 1167 1168 1076 
320 2 2 5 438 793 36 1169 1044 1170 
321 2 2 5 457 761 50 1171 1085 1172 
322 2 2 5 49 761 500 1086 1167 1173 
323 2 2 5 62 697 61 1174 1175 161 
324 2 2 5 457 745 640 1176 1177 1089 
325 2 2 5 642 761 457 1178 1171 1088 
326 2 2 5 515 729 517 1179 1159 1180 
327 2 2 5 62 756 697 1181 1182 1174 
328 2 2 5 63 756 62 1183 1181 162 
329 2 2 5 673 793 438 1184 1169 1047 
330 2 2 5 458 694 635 1185 1186 1099 
331 2 2 5 638 745 458 1187 1188 1098 
332 2 2 5 51 745 457 1093 1176 1189 
333 2 2 5 458 745 52 1188 1092 1190 
334 2 2 5 53 694 458 1104 1185 1191 
335 2 2 5 612 614 454 1192 1193 1194 
336 2 2 5 435 792 33 1195 1080 1196 
337 2 2 5 430 729 515 1197 1179 1198 
338 2 2 5 65 736 64 1199 1200 164 
339 2 2 5 541 772 539 1201 1202 1203 
340 2 2 5 494 695 629 1204 1205 1123 
341 2 2 5 544 704 423 1206 1207 1208 
342 2 2 5 494 776 55 1209 1117 1210 
343 2 2 5 679 792 435 1211 1195 1083 
344 2 2 5 56 695 494 1128 1204 1212 
345 2 2 5 608 610 498 1213 1214 1215 
346 2 2 5 631 776 494 1216 1209 1122 
347 2 2 5 498 731 608 1217 1218 1215 
348 2 2 5 539 772 502 1202 1219 1220 
349 2 2 5 546 704 544 1221 1206 1222 
350 2 2 5 541 544 423 1223 1208 1224 
351 2 2 5 423 772 541 1225 1201 1224 
352 2 2 5 436 704 546 1226 1221 1227 
353 2 2 5 430 515 513 1198 1228 1229 
354 2 2 5 608 731 605 1218 1230 1231 
355 2 2 5 548 702 436 1232 1233 1234 
356 2 2 5 443 775 58 1235 1138 1236 
357 2 2 5 476 702 550 1237 1238 1239 
358 2 2 5 546 548 436 1240 1234 1227 
359 2 2 5 537 539 502 1241 1220 1242 
360 2 2 5 605 731 444 1230 1243 1244 
361 2 2 5 624 775 443 1245 1235 1144 
362 2 2 5 550 552 476 1246 1247 1239 
363 2 2 5 552 556 476 1248 1249 1247 
364 2 2 5 453 697 618 1250 1251 1166 
365 2 2 5 603 605 444 1252 1244 1253 
366 2 2 5 550 702 548 1238 1232 1254 
367 2 2 5 61 697 453 1175 1250 1255 
368 2 2 5 444 764 603 1256 1257 1253 
369 2 2 5 603 764 601 1257 1258 1259 
370 2 2 5 720 728 721 1260 1261 1262 
371 2 2 5 454 756 63 1263 1183 1264 
372 2 2 5 454 736 612 1265 1266 1194 
373 2 2 5 601 764 461 1258 1267 1268 
374 2 2 5 99 567 98 1269 1270 198 
375 2 2 5 614 756 454 1271 1263 1193 
376 2 2 5 64 736 454 1200 1265 1272 
377 2 2 5 498 736 65 1273 1199 1274 
378 2 2 5 598 601 461 1275 1268 1276 
379 2 2 5 513 750 430 1277 1278 1229 
380 2 2 5 610 736 498 1279 1273 1214 
381 2 2 5 427 703 532 1280 1281 1282 
382 2 2 5 534 567 427 1283 1284 1285 
383 2 2 5 554 556 552 1286 1248 1287 
384 2 2 5 532 534 427 1288 1285 1282 
385 2 2 5 554 728 482 1289 1290 1291 
386 2 2 5 721 728 727 1261 1292 1293 
387 2 2 5 427 567 99 1284 1269 1294 
388 2 2 5 71 753 70 1295 1296 170 
389 2 2 5 502 567 537 1297 1298 1242 
390 2 2 5 727 728 555 1292 1299 1300 
391 2 2 5 72 696 71 1301 1302 171 
392 2 2 5 696 753 71 1303 1295 1302 
393 2 2 5 523 782 525 1150 1105 1304 
394 2 2 5 532 703 528 1281 1305 1306 
395 2 2 5 482 728 720 1290 1260 1307 
396 2 2 5 510 750 513 1308 1277 1309 
397 2 2 5 576 717 509 1310 1311 1312 
398 2 2 5 222 560 221 1313 1314 321 
399 2 2 5 14 565 13 1315 1316 113 
400 2 2 5 98 567 502 1270 1297 1317 
401 2 2 5 482 556 554 1318 1286 1291 
402 2 2 5 461 753 598 1319 1320 1276 
403 2 2 5 592 594 490 1321 1322 1323 
404 2 2 5 508 791 509 1324 1325 1326 
405 2 2 5 528 703 526 1305 1327 1328 
406 2 2 5 557 558 470 1329 1330 1331 
407 2 2 5 509 717 507 1311 1332 1333 
408 2 2 5 671 733 669 1137 1132 1334 
409 2 2 5 713 767 559 1335 1336 1337 
410 2 2 5 104 705 103 1338 1339 203 
411 2 2 5 490 737 592 1340 1341 1323 
412 2 2 5 428 705 529 1342 1343 1344 
413 2 2 5 431 750 510 1345 1308 1346 
414 2 2 5 103 705 428 1339 1342 1347 
415 2 2 5 311 750 431 1348 1345 1349 
416 2 2 5 70 753 461 1296 1319 1350 
417 2 2 5 229 557 470 1351 1331 1352 
418 2 2 5 21 566 473 1353 1354 1355 
419 2 2 5 592 737 590 1341 1356 1357 
420 2 2 5 490 696 72 1358 1301 1359 
421 2 2 5 579 700 584 1360 1361 1362 
422 2 2 5 312 750 311 1363 1348 411 
423 2 2 5 476 556 91 1249 1364 1365 
424 2 2 5 511 791 508 1366 1324 1367 
425 2 2 5 421 786 106 1368 1369 1370 
426 2 2 5 584 700 586 1361 1371 1372 
427 2 2 5 594 696 490 1373 1358 1322 
428 2 2 5 588 590 456 1374 1375 1376 
429 2 2 5 226 709 225 1377 1378 325 
430 2 2 5 18 757 17 1379 1380 117 
431 2 2 5 590 737 456 1356 1381 1375 
432 2 2 5 739 783 777 1382 1383 1384 
433 2 2 5 705 706 529 1385 1386 1343 
434 2 2 5 469 767 713 1387 1335 1388 
435 2 2 5 571 732 569 1389 1390 1391 
436 2 2 5 537 567 534 1298 1283 1392 
437 2 2 5 472 757 18 1393 1379 1394 
438 2 2 5 110 785 109 1395 1396 209 
439 2 2 5 91 556 90 1364 1397 190 
440 2 2 5 469 709 226 1398 1377 1399 
441 2 2 5 469 713 711 1388 1400 1401 
442 2 2 5 658 771 656 1140 1141 1402 
443 2 2 5 238 708 477 1403 1404 1405 
444 2 2 5 588 730 585 1406 1407 1408 
445 2 2 5 456 730 588 1409 1406 1376 
446 2 2 5 523 524 522 1410 1411 1412 
447 2 2 5 239 708 238 1413 1403 338 
448 2 2 5 428 526 102 1414 1415 1416 
449 2 2 5 469 711 709 1401 1417 1398 
450 2 2 5 422 714 288 1418 1419 1420 
451 2 2 5 314 729 313 1421 1422 413 
452 2 2 5 39 746 501 1423 1028 1424 
453 2 2 5 89 720 88 1425 1426 188 
454 2 2 5 549 551 550 1427 1428 1429 
455 2 2 5 424 707 706 1430 1431 1432 
456 2 2 5 232 468 231 1433 1434 331 
457 2 2 5 223 474 222 1435 1436 322 
458 2 2 5 288 714 287 1419 1437 387 
459 2 2 5 510 513 512 1309 1438 1439 
460 2 2 5 540 542 541 1440 1441 1442 
461 2 2 5 474 560 222 1443 1313 1436 
462 2 2 5 462 774 249 1444 1445 1446 
463 2 2 5 301 715 441 1447 1448 1449 
464 2 2 5 77 583 439 1450 1451 1452 
465 2 2 5 245 768 244 1453 1454 344 
466 2 2 5 562 564 563 1455 1456 1457 
467 2 2 5 482 720 89 1307 1425 1458 
468 2 2 5 488 763 251 1459 1460 1461 
469 2 2 5 640 745 638 1177 1187 1462 
470 2 2 5 777 783 726 1383 1463 1464 
471 2 2 5 29 701 483 1465 1115 1466 
472 2 2 5 40 746 39 1467 1423 139 
473 2 2 5 244 768 437 1454 1468 1469 
474 2 2 5 579 584 583 1362 1470 1471 
475 2 2 5 570 576 573 1472 1473 1474 
476 2 2 5 784 789 744 1475 1476 1477 
477 2 2 5 109 448 108 1478 1479 208 
478 2 2 5 505 785 110 1480 1395 1481 
479 2 2 5 297 748 296 1482 1483 396 
480 2 2 5 510 512 511 1439 1484 1485 
481 2 2 5 569 732 306 1390 1486 1487 
482 2 2 5 484 778 87 1488 1489 1490 
483 2 2 5 313 729 430 1422 1197 1491 
484 2 2 5 558 559 470 1492 1493 1330 
485 2 2 5 577 583 78 1494 1495 1496 
486 2 2 5 247 754 246 1497 1498 346 
487 2 2 5 551 553 552 1499 1500 1501 
488 2 2 5 645 761 642 1168 1178 1502 
489 2 2 5 251 763 250 1460 1503 350 
490 2 2 5 583 584 439 1470 1504 1451 
491 2 2 5 310 507 309 1505 1506 409 
492 2 2 5 79 577 78 1507 1496 178 
493 2 2 5 530 531 528 1508 1509 1510 
494 2 2 5 596 696 594 1511 1373 1512 
495 2 2 5 82 743 432 1513 1514 1515 
496 2 2 5 225 709 478 1378 1516 1517 
497 2 2 5 613 615 614 1518 1519 1520 
498 2 2 5 95 704 94 1521 1522 194 
499 2 2 5 249 774 248 1445 1523 348 
500 2 2 5 465 748 297 1524 1482 1525 
501 2 2 5 542 545 544 1526 1527 1528 
502 2 2 5 599 602 601 1529 1530 1531 
503 2 2 5 499 760 268 1532 1533 1534 
504 2 2 5 453 758 60 1163 1535 1536 
505 2 2 5 227 767 469 1537 1387 1538 
506 2 2 5 42 773 41 1539 1540 141 
507 2 2 5 80 425 79 1541 1542 179 
508 2 2 5 256 735 255 1543 1544 355 
509 2 2 5 740 744 743 1545 1546 1547 
510 2 2 5 431 507 310 1548 1505 1549 
511 2 2 5 531 532 528 1550 1306 1509 
512 2 2 5 742 744 740 1551 1545 1552 
513 2 2 5 475 565 14 1553 1315 1554 
514 2 2 5 500 734 48 1071 1555 1556 
515 2 2 5 461 764 69 1267 1557 1558 
516 2 2 5 585 730 439 1407 1559 1560 
517 2 2 5 531 533 532 1561 1562 1550 
518 2 2 5 76 730 75 1563 1564 175 
519 2 2 5 302 715 301 1565 1447 401 
520 2 2 5 460 766 277 1566 1567 1568 
521 2 2 5 579 583 577 1471 1494 1569 
522 2 2 5 425 577 79 1570 1507 1542 
523 2 2 5 223 794 474 1571 1572 1435 
524 2 2 5 665 668 667 1573 1574 1575 
525 2 2 5 269 499 268 1576 1534 368 
526 2 2 5 493 719 272 1577 1578 1579 
527 2 2 5 507 717 309 1332 1580 1506 
528 2 2 5 540 541 539 1442 1203 1581 
529 2 2 5 59 443 58 1582 1236 158 
530 2 2 5 68 444 67 1583 1584 167 
531 2 2 5 252 488 251 1585 1461 351 
532 2 2 5 258 749 257 1586 1587 357 
533 2 2 5 260 718 259 1588 1589 359 
534 2 2 5 267 447 266 1590 1591 366 
535 2 2 5 276 442 275 1592 1593 375 
536 2 2 5 496 769 295 1594 1595 1596 
537 2 2 5 431 508 507 1597 1598 1548 
538 2 2 5 45 747 486 1599 1049 1600 
539 2 2 5 61 453 60 1255 1536 160 
540 2 2 5 284 450 283 1601 1602 383 
541 2 2 5 301 441 300 1449 1603 400 
542 2 2 5 303 434 302 1604 1605 402 
543 2 2 5 448 780 108 1606 1607 1479 
544 2 2 5 433 717 576 1608 1310 1609 
545 2 2 5 70 461 69 1350 1558 169 
546 2 2 5 437 568 243 1610 1611 1612 
547 2 2 5 455 718 260 1613 1588 1614 
548 2 2 5 271 466 270 1615 1616 370 
549 2 2 5 278 460 277 1617 1568 377 
550 2 2 5 655 657 656 1618 1619 1620 
551 2 2 5 246 754 446 1498 1621 1622 
552 2 2 5 680 681 679 1623 1624 1625 
553 2 2 5 231 788 230 1626 1627 330 
554 2 2 5 66 498 65 1628 1274 165 
555 2 2 5 289 765 422 1629 1630 1631 
556 2 2 5 429 729 314 1160 1421 1632 
557 2 2 5 724 725 722 1633 1634 1635 
558 2 2 5 41 773 449 1540 1026 1636 
559 2 2 5 290 765 289 1637 1629 389 
560 2 2 5 56 494 55 1212 1210 155 
561 2 2 5 84 738 83 1638 1639 183 
562 2 2 5 586 587 585 1640 1641 1642 
563 2 2 5 17 757 481 1380 1643 1644 
564 2 2 5 19 755 472 1645 1646 1647 
565 2 2 5 264 495 263 1648 1649 363 
566 2 2 5 672 674 673 1650 1651 1652 
567 2 2 5 463 773 42 1037 1539 1653 
568 2 2 5 295 769 294 1595 1654 394 
569 2 2 5 433 576 570 1609 1472 1655 
570 2 2 5 46 747 45 1656 1599 145 
571 2 2 5 74 737 73 1657 1658 173 
572 2 2 5 743 744 432 1546 1659 1514 
573 2 2 5 722 778 484 1660 1488 1661 
574 2 2 5 689 690 688 1662 1126 1663 
575 2 2 5 48 734 47 1555 1664 147 
576 2 2 5 466 752 270 1665 1666 1616 
577 2 2 5 698 700 579 1667 1360 1668 
578 2 2 5 634 637 636 1669 1670 1671 
579 2 2 5 214 504 213 1672 1673 218 
580 2 2 5 315 781 429 1674 1111 1675 
581 2 2 5 676 678 677 1676 1677 1678 
582 2 2 5 424 705 104 1679 1338 1680 
583 2 2 5 109 785 448 1396 1681 1478 
584 2 2 5 255 735 464 1544 1682 1683 
585 2 2 5 47 734 426 1664 1064 1684 
586 2 2 5 616 756 614 1685 1271 1686 
587 2 2 5 23 790 22 1687 1688 122 
588 2 2 5 108 780 107 1607 1689 207 
589 2 2 5 517 519 518 1130 1690 1691 
590 2 2 5 316 781 315 1692 1674 415 
591 2 2 5 433 570 569 1655 1693 1694 
592 2 2 5 663 666 665 1695 1696 1697 
593 2 2 5 66 731 498 1698 1217 1628 
594 2 2 5 317 452 316 1149 1699 416 
595 2 2 5 519 521 520 1091 1700 1701 
596 2 2 5 584 586 585 1372 1642 1702 
597 2 2 5 689 691 690 1703 1704 1662 
598 2 2 5 711 712 710 1705 1706 1707 
599 2 2 5 434 715 302 1708 1565 1605 
600 2 2 5 433 569 307 1694 1709 1710 
601 2 2 5 428 527 526 1711 1712 1414 
602 2 2 5 545 547 546 1713 1714 1715 
603 2 2 5 570 572 571 1716 1717 1718 
604 2 2 5 87 778 86 1489 1719 186 
605 2 2 5 243 568 242 1611 1720 342 
606 2 2 5 287 714 485 1437 1721 1722 
607 2 2 5 307 569 306 1709 1487 406 
608 2 2 5 744 789 432 1476 1723 1659 
609 2 2 5 581 699 698 1724 1725 1726 
610 2 2 5 595 597 596 1727 1728 1729 
611 2 2 5 646 648 647 1730 1731 1732 
612 2 2 5 6 503 5 1733 1734 10 
613 2 2 5 78 583 77 1495 1450 177 
614 2 2 5 580 581 578 1735 1736 1737 
615 2 2 5 604 606 605 1738 1739 1740 
616 2 2 5 250 763 462 1503 1741 1742 
617 2 2 5 271 719 466 1743 1744 1615 
618 2 2 5 623 624 622 1745 1143 1746 
619 2 2 5 659 661 660 1747 1748 1749 
620 2 2 5 69 764 68 1557 1750 168 
621 2 2 5 86 779 85 1751 1752 185 
622 2 2 5 268 760 267 1533 1753 367 
623 2 2 5 277 766 276 1567 1754 376 
624 2 2 5 578 579 577 1755 1569 1756 
625 2 2 5 615 616 614 1757 1686 1519 
626 2 2 5 621 623 622 1758 1746 1759 
627 2 2 5 60 758 59 1535 1760 159 
628 2 2 5 468 788 231 1761 1626 1434 
629 2 2 5 445 783 739 1762 1382 1763 
630 2 2 5 602 603 601 1764 1259 1530 
631 2 2 5 606 608 605 1765 1231 1739 
632 2 2 5 609 611 610 1766 1767 1768 
633 2 2 5 602 604 603 1769 1770 1764 
634 2 2 5 449 746 40 1032 1467 1771 
635 2 2 5 593 595 594 1772 1773 1774 
636 2 2 5 619 620 618 1775 1165 1776 
637 2 2 5 623 625 624 1777 1778 1745 
638 2 2 5 636 638 635 1779 1097 1780 
639 2 2 5 643 646 645 1781 1782 1783 
640 2 2 5 648 650 649 1784 1785 1786 
641 2 2 5 88 720 484 1426 1787 1788 
642 2 2 5 294 459 293 1789 1790 393 
643 2 2 5 296 748 496 1483 1791 1792 
644 2 2 5 533 536 535 1793 1794 1795 
645 2 2 5 555 728 554 1299 1289 1796 
646 2 2 5 578 698 579 1797 1668 1755 
647 2 2 5 587 588 585 1798 1408 1641 
648 2 2 5 595 596 594 1729 1512 1773 
649 2 2 5 697 756 616 1182 1685 1799 
650 2 2 5 695 775 626 1135 1800 1801 
651 2 2 5 648 649 647 1786 1067 1731 
652 2 2 5 653 655 654 1802 1803 1804 
653 2 2 5 269 752 499 1805 1806 1576 
654 2 2 5 291 489 290 1807 1808 390 
655 2 2 5 597 599 598 1809 1810 1811 
656 2 2 5 615 617 616 1812 1813 1757 
657 2 2 5 668 670 669 1814 1815 1816 
658 2 2 5 82 432 81 1515 1817 181 
659 2 2 5 526 703 101 1327 1818 1819 
660 2 2 5 107 780 421 1689 1820 1821 
661 2 2 5 489 765 290 1822 1637 1808 
662 2 2 5 515 517 516 1180 1823 1824 
663 2 2 5 589 590 588 1825 1374 1826 
664 2 2 5 632 633 631 1827 1828 1829 
665 2 2 5 59 758 443 1760 1151 1582 
666 2 2 5 248 774 497 1523 1830 1831 
667 2 2 5 553 554 552 1832 1287 1500 
668 2 2 5 570 573 572 1474 1833 1716 
669 2 2 5 617 619 618 1834 1776 1835 
670 2 2 5 657 659 658 1836 1837 1838 
671 2 2 5 24 471 23 1839 1840 123 
672 2 2 5 267 760 447 1753 1841 1590 
673 2 2 5 276 766 442 1754 1842 1592 
674 2 2 5 428 529 527 1344 1843 1711 
675 2 2 5 584 585 439 1702 1560 1504 
676 2 2 5 593 594 592 1774 1321 1844 
677 2 2 5 643 645 642 1783 1502 1845 
678 2 2 5 646 647 645 1732 1075 1782 
679 2 2 5 684 693 681 1157 1846 1847 
680 2 2 5 740 743 738 1547 1848 1849 
681 2 2 5 22 566 21 1850 1353 121 
682 2 2 5 68 764 444 1750 1256 1583 
683 2 2 5 272 719 271 1578 1743 371 
684 2 2 5 515 516 514 1824 1851 1852 
685 2 2 5 630 631 629 1853 1121 1854 
686 2 2 5 650 653 652 1855 1856 1857 
687 2 2 5 21 473 20 1355 1858 120 
688 2 2 5 30 701 29 1859 1465 129 
689 2 2 5 92 476 91 1860 1365 191 
690 2 2 5 259 718 491 1589 1861 1862 
691 2 2 5 551 552 550 1501 1246 1428 
692 2 2 5 599 601 598 1531 1275 1810 
693 2 2 5 674 675 673 1863 1864 1651 
694 2 2 5 721 723 722 1865 1866 1867 
695 2 2 5 426 747 46 1060 1656 1868 
696 2 2 5 445 738 84 1869 1638 1870 
697 2 2 5 102 526 101 1415 1819 201 
698 2 2 5 639 640 638 1871 1462 1872 
699 2 2 5 659 660 658 1749 1040 1837 
700 2 2 5 75 730 456 1564 1409 1873 
701 2 2 5 80 762 425 1874 1875 1541 
702 2 2 5 431 510 508 1346 1876 1597 
703 2 2 5 445 739 738 1763 1877 1869 
704 2 2 5 34 435 33 1125 1196 133 
705 2 2 5 37 438 36 1155 1170 136 
706 2 2 5 77 439 76 1452 1878 176 
707 2 2 5 85 445 84 1879 1870 184 
708 2 2 5 88 484 87 1788 1490 187 
709 2 2 5 90 482 89 1880 1458 189 
710 2 2 5 94 436 93 1881 1882 193 
711 2 2 5 96 423 95 1883 1884 195 
712 2 2 5 100 427 99 1885 1294 199 
713 2 2 5 103 428 102 1347 1416 202 
714 2 2 5 105 424 104 1886 1680 204 
715 2 2 5 107 421 106 1821 1370 206 
716 2 2 5 250 462 249 1742 1446 349 
717 2 2 5 287 485 286 1722 1887 386 
718 2 2 5 606 609 608 1888 1889 1765 
719 2 2 5 73 737 490 1658 1340 1890 
720 2 2 5 227 469 226 1538 1399 326 
721 2 2 5 229 470 228 1352 1891 328 
722 2 2 5 230 557 229 1892 1351 329 
723 2 2 5 238 477 237 1405 1893 337 
724 2 2 5 240 480 239 1894 1895 339 
725 2 2 5 244 437 243 1469 1612 343 
726 2 2 5 246 446 245 1622 1896 345 
727 2 2 5 255 464 254 1683 1897 354 
728 2 2 5 257 487 256 1898 1899 356 
729 2 2 5 296 496 295 1792 1596 395 
730 2 2 5 298 465 297 1900 1525 397 
731 2 2 5 612 736 610 1266 1279 1901 
732 2 2 5 619 621 620 1902 1903 1775 
733 2 2 5 663 664 662 1904 1023 1905 
734 2 2 5 739 740 738 1906 1849 1877 
735 2 2 5 29 483 28 1466 1907 128 
736 2 2 5 111 505 110 1908 1481 210 
737 2 2 5 446 768 245 1909 1453 1896 
738 2 2 5 257 749 487 1587 1910 1898 
739 2 2 5 308 433 307 1911 1710 407 
740 2 2 5 311 431 310 1349 1549 410 
741 2 2 5 313 430 312 1491 1912 412 
742 2 2 5 315 429 314 1675 1632 414 
743 2 2 5 319 506 318 1913 1156 418 
744 2 2 5 553 555 554 1914 1796 1832 
745 2 2 5 19 472 18 1647 1394 118 
746 2 2 5 53 458 52 1191 1190 152 
747 2 2 5 64 454 63 1272 1264 163 
748 2 2 5 67 731 66 1915 1698 166 
749 2 2 5 75 456 74 1873 1916 174 
750 2 2 5 487 735 256 1917 1543 1899 
751 2 2 5 305 440 304 1918 1919 404 
752 2 2 5 425 578 577 1920 1756 1570 
753 2 2 5 572 574 571 1921 1922 1717 
754 2 2 5 604 605 603 1740 1252 1770 
755 2 2 5 641 642 640 1923 1087 1924 
756 2 2 5 685 686 684 1925 1100 1926 
757 2 2 5 739 741 740 1927 1928 1906 
758 2 2 5 741 742 740 1929 1552 1928 
759 2 2 5 15 475 14 1930 1554 114 
760 2 2 5 17 481 16 1644 1931 116 
761 2 2 5 225 478 224 1517 1932 324 
762 2 2 5 261 455 260 1933 1614 360 
763 2 2 5 440 770 304 1934 1935 1919 
764 2 2 5 694 776 633 1110 1936 1937 
765 2 2 5 650 652 649 1857 1062 1785 
766 2 2 5 661 663 662 1938 1905 1939 
767 2 2 5 670 671 669 1940 1334 1815 
768 2 2 5 687 689 688 1941 1663 1942 
769 2 2 5 721 727 723 1293 1943 1865 
770 2 2 5 289 422 288 1631 1420 388 
771 2 2 5 538 540 539 1944 1581 1945 
772 2 2 5 613 614 612 1520 1192 1946 
773 2 2 5 621 622 620 1759 1162 1903 
774 2 2 5 653 654 652 1804 1057 1856 
775 2 2 5 655 656 654 1620 1052 1803 
776 2 2 5 738 743 83 1848 1947 1639 
777 2 2 5 436 702 93 1233 1948 1882 
778 2 2 5 235 451 234 1949 1950 334 
779 2 2 5 545 546 544 1715 1222 1527 
780 2 2 5 625 626 624 1951 1952 1778 
781 2 2 5 632 634 633 1953 1954 1827 
782 2 2 5 657 658 656 1838 1402 1619 
783 2 2 5 678 679 677 1955 1082 1677 
784 2 2 5 43 463 42 1153 1653 142 
785 2 2 5 538 539 537 1945 1241 1956 
786 2 2 5 549 550 548 1429 1254 1957 
787 2 2 5 31 479 30 1147 1958 130 
788 2 2 5 611 612 610 1959 1901 1767 
789 2 2 5 625 627 626 1960 1961 1951 
790 2 2 5 668 669 667 1816 1033 1574 
791 2 2 5 41 449 40 1636 1771 140 
792 2 2 5 81 762 80 1962 1874 180 
793 2 2 5 547 548 546 1963 1240 1714 
794 2 2 5 580 582 581 1964 1965 1735 
795 2 2 5 641 643 642 1966 1845 1923 
796 2 2 5 27 467 26 1967 1968 126 
797 2 2 5 456 737 74 1381 1657 1916 
798 2 2 5 423 704 95 1207 1521 1884 
799 2 2 5 609 610 608 1768 1213 1889 
800 2 2 5 634 636 635 1671 1780 1969 
801 2 2 5 480 708 239 1970 1413 1895 
802 2 2 5 634 635 633 1969 1971 1954 
803 2 2 5 521 523 522 1069 1412 1972 
804 2 2 5 596 753 696 1973 1303 1511 
805 2 2 5 723 724 722 1974 1635 1866 
806 2 2 5 85 779 445 1752 1975 1879 
807 2 2 5 425 580 578 1976 1737 1920 
808 2 2 5 617 618 616 1835 1977 1813 
809 2 2 5 672 673 671 1652 1046 1978 
810 2 2 5 45 486 44 1600 1154 144 
811 2 2 5 439 730 76 1559 1563 1878 
812 2 2 5 721 722 484 1867 1661 1979 
813 2 2 5 648 651 650 1980 1981 1784 
814 2 2 5 661 662 660 1939 1036 1748 
815 2 2 5 674 676 675 1982 1983 1863 
816 2 2 5 51 457 50 1189 1172 150 
817 2 2 5 444 731 67 1243 1915 1584 
818 2 2 5 241 759 240 1984 1985 340 
819 2 2 5 519 520 518 1701 1986 1690 
820 2 2 5 533 534 532 1987 1288 1562 
821 2 2 5 533 535 534 1795 1988 1987 
822 2 2 5 581 698 578 1726 1797 1736 
823 2 2 5 597 598 596 1811 1989 1728 
824 2 2 5 663 665 664 1697 1990 1904 
825 2 2 5 678 680 679 1991 1625 1955 
826 2 2 5 685 687 686 1992 1993 1925 
827 2 2 5 739 777 741 1384 1994 1927 
828 2 2 5 742 784 744 1995 1477 1551 
829 2 2 5 49 500 48 1173 1556 148 
830 2 2 5 570 571 569 1718 1391 1693 
831 2 2 5 670 672 671 1996 1978 1940 
832 2 2 5 676 677 675 1678 1997 1983 
833 2 2 5 687 688 686 1942 1114 1993 
834 2 2 5 39 501 38 1424 1158 138 
835 2 2 5 47 426 46 1684 1868 146 
836 2 2 5 709 710 478 1998 1999 1516 
837 2 2 5 508 509 507 1326 1333 1598 
838 2 2 5 627 629 626 2000 2001 1961 
839 2 2 5 542 544 541 1528 1223 1441 
840 2 2 5 591 592 590 2002 1357 2003 
841 2 2 5 630 632 631 2004 1829 1853 
842 2 2 5 636 639 638 2005 1872 1779 
843 2 2 5 665 667 664 1575 1039 1990 
844 2 2 5 497 754 247 2006 1497 2007 
845 2 2 5 573 575 572 2008 2009 1833 
846 2 2 5 680 682 681 2010 2011 1623 
847 2 2 5 248 497 247 1831 2007 347 
848 2 2 5 491 749 258 2012 1586 2013 
849 2 2 5 623 628 625 2014 2015 1777 
850 2 2 5 240 759 480 1985 2016 1894 
851 2 2 5 83 743 82 1947 1513 182 
852 2 2 5 92 702 476 2017 1237 1860 
853 2 2 5 94 704 436 1522 1226 1881 
854 2 2 5 635 694 633 1186 1937 1971 
855 2 2 5 471 790 23 2018 1687 1840 
856 2 2 5 273 493 272 2019 1579 372 
857 2 2 5 604 607 606 2020 2021 1738 
858 2 2 5 629 695 626 1205 1801 2001 
859 2 2 5 641 644 643 2022 2023 1966 
860 2 2 5 270 752 269 1666 1805 369 
861 2 2 5 682 684 681 2024 1847 2011 
862 2 2 5 682 685 684 2025 1926 2024 
863 2 2 5 73 490 72 1890 1359 172 
864 2 2 5 432 762 81 2026 1962 1817 
865 2 2 5 294 769 459 1654 2027 1789 
866 2 2 5 513 514 512 2028 2029 1438 
867 2 2 5 587 589 588 2030 1826 1798 
868 2 2 5 281 492 280 2031 2032 380 
869 2 2 5 589 591 590 2033 2003 1825 
870 2 2 5 598 753 596 1320 1973 1989 
871 2 2 5 626 775 624 1800 1245 1952 
872 2 2 5 259 491 258 1862 2013 358 
873 2 2 5 559 767 470 1336 2034 1493 
874 2 2 5 618 697 616 1251 1799 1977 
875 2 2 5 479 701 30 1108 1859 1958 
876 2 2 5 242 420 241 2035 2036 341 
877 2 2 5 720 721 484 1262 1979 1787 
878 2 2 5 639 641 640 2037 1924 1871 
879 2 2 5 100 703 427 2038 1280 1885 
880 2 2 5 523 525 524 1304 2039 1410 
881 2 2 5 591 593 592 2040 1844 2002 
882 2 2 5 597 600 599 2041 2042 1809 
883 2 2 5 724 726 725 2043 2044 1633 
884 2 2 5 98 502 97 1317 2045 197 
885 2 2 5 678 683 680 2046 2047 1991 
886 2 2 5 513 515 514 1228 1852 2028 
887 2 2 5 308 717 433 2048 1608 1911 
888 2 2 5 509 716 576 2049 2050 1312 
889 2 2 5 483 751 28 1119 2051 1907 
890 2 2 5 242 568 420 1720 2052 2035 
891 2 2 5 20 755 19 2053 1645 119 
892 2 2 5 535 538 537 2054 1956 2055 
893 2 2 5 611 613 612 2056 1946 1959 
894 2 2 5 517 518 516 1691 2057 1823 
895 2 2 5 725 778 722 2058 1660 1634 
896 2 2 5 304 770 303 1935 2059 403 
897 2 2 5 535 537 534 2055 1392 1988 
898 2 2 5 633 776 631 1936 1216 1828 
899 2 2 5 430 750 312 1278 1363 1912 
900 2 2 5 540 543 542 2060 2061 1440 
901 2 2 5 562 563 561 1457 2062 2063 
902 2 2 5 677 692 675 1129 2064 1997 
903 2 2 5 425 762 580 1875 2065 1976 
904 2 2 5 93 702 92 1948 2017 192 
905 2 2 5 627 630 629 2066 1854 2000 
906 2 2 5 303 770 434 2059 2067 1604 
907 2 2 5 101 703 100 1818 2038 200 
908 2 2 5 309 717 308 1580 2048 408 
909 2 2 5 424 706 705 1432 1385 1679 
910 2 2 5 473 755 20 2068 2053 1858 
911 2 2 5 779 783 445 2069 1762 1975 
912 2 2 5 582 789 784 2070 1475 2071 
913 2 2 5 502 772 97 1219 2072 2045 
914 2 2 5 228 767 227 2073 1537 327 
915 2 2 5 576 716 573 2050 2074 1473 
916 2 2 5 452 781 316 1079 1692 1699 
917 2 2 5 432 789 762 1723 2075 2026 
918 2 2 5 521 522 520 1972 2076 1700 
919 2 2 5 90 556 482 1397 1318 1880 
920 2 2 5 547 549 548 2077 1957 1963 
921 2 2 5 96 772 423 2078 1225 1883 
922 2 2 5 725 779 778 2079 2080 2058 
923 2 2 5 510 511 508 1485 1367 1876 
924 2 2 5 778 779 86 2080 1751 1719 
925 2 2 5 22 790 566 1688 2081 1850 
926 2 2 5 27 751 467 2082 2083 1967 
927 2 2 5 474 794 562 1572 2084 2085 
928 2 2 5 527 528 526 2086 1328 1712 
929 2 2 5 527 530 528 2087 1510 2086 
930 2 2 5 509 791 716 1325 2088 2049 
931 2 2 5 726 783 725 1463 2089 2044 
932 2 2 5 306 732 305 1486 2090 405 
933 2 2 5 481 787 16 2091 2092 1931 
934 2 2 5 97 772 96 2072 2078 196 
935 2 2 5 230 788 557 1627 2093 1892 
936 2 2 5 580 789 582 2094 2070 1964 
937 2 2 5 762 789 580 2075 2094 2065 
938 2 2 5 709 711 710 1417 1707 1998 
939 2 2 5 28 751 27 2051 2082 127 
940 2 2 5 305 732 440 2090 2095 1918 
941 2 2 5 420 759 241 2096 1984 2036 
942 2 2 5 16 787 15 2092 2097 115 
943 2 2 5 470 767 228 2034 2073 1891 
944 2 2 5 725 783 779 2089 2069 2079 
945 2 2 5 474 562 561 2085 2063 2098 
946 2 2 5 15 787 475 2097 2099 1930 
947 2 2 5 474 561 560 2098 925 1443 
948 2 2 5 681 792 679 2100 1211 1624 
949 2 2 5 675 793 673 2101 1184 1864 
950 2 2 5 424 786 707 2102 2103 1430 
951 2 2 5 224 794 223 2104 1571 323 
952 2 2 5 106 786 105 1369 2105 205 
953 2 2 5 693 792 681 1096 2100 1846 
954 2 2 5 478 794 224 2106 2104 1932 
955 2 2 5 710 796 795 2107 2108 2109 
956 2 2 5 692 793 675 1077 2101 2064 
957 2 2 5 105 786 424 2105 2102 1886 
958 2 2 5 710 795 478 2109 2110 1999 
959 2 2 5 795 796 564 2108 2111 2112 
960 2 2 5 562 795 564 2113 2112 1455 
961 2 2 5 794 795 562 2114 2113 2084 
962 2 2 5 478 795 794 2110 2114 2106 
963 2 2 5 712 796 710 2115 2107 1706 
964 2 2 5 213 797 212 2116 2117 217 
965 2 2 5 5 798 4 2118 2119 9 
966 2 2 5 7 800 6 2120 2121 11 
967 2 2 5 215 799 214 2122 2123 219 
968 2 2 5 574 804 691 930 2124 2125 
969 2 2 5 691 818 574 2126 2127 2125 
970 2 2 5 828 907 450 982 2128 2129 
971 2 2 5 699 889 807 2130 1014 2131 
972 2 2 5 805 887 575 1003 2132 2133 
973 2 2 5 826 905 492 994 2134 2135 
974 2 2 5 814 895 495 1006 2136 2137 
975 2 2 5 600 893 812 2138 1008 2139 
976 2 2 5 817 899 543 1018 2140 2141 
977 2 2 5 825 904 683 985 2142 2143 
978 2 2 5 607 896 816 2144 1011 2145 
979 2 2 5 666 910 829 2146 978 2147 
980 2 2 5 628 900 819 2148 999 2149 
981 2 2 5 651 906 827 2150 987 2151 
982 2 2 5 637 902 821 2152 996 2153 
983 2 2 5 644 903 824 2154 990 2155 
984 2 2 5 536 892 811 2156 1020 2157 
985 2 2 5 803 831 712 958 2158 2159 
986 2 2 5 820 867 493 955 2160 2161 
987 2 2 5 830 883 489 946 2162 2163 
988 2 2 5 822 870 460 949 2164 2165 
989 2 2 5 810 850 455 964 2166 2167 
990 2 2 5 809 837 558 976 2168 2169 
991 2 2 5 806 832 488 961 2170 2171 
992 2 2 5 441 874 823 2172 951 2173 
993 2 2 5 477 858 813 2174 969 2175 
994 2 2 5 691 868 818 2176 966 2126 
995 2 2 5 815 854 468 973 2177 2178 
996 2 2 5 691 804 690 2124 2179 1704 
997 2 2 5 751 804 467 2180 928 2083 
998 2 2 5 421 803 786 959 2181 1368 
999 2 2 5 25 805 24 1004 2182 124 
1000 2 2 5 582 806 581 962 2183 1965 
1001 2 2 5 531 815 533 974 2184 1561 
1002 2 2 5 254 807 253 2185 1016 353 
1003 2 2 5 595 810 597 965 2186 1727 
1004 2 2 5 572 808 574 2187 929 1921 
1005 2 2 5 263 812 262 2188 1010 362 
1006 2 2 5 266 816 265 2189 1013 365 
1007 2 2 5 602 814 604 1007 2190 1769 
1008 2 2 5 234 811 233 2191 1022 333 
1009 2 2 5 574 818 571 2127 2192 1922 
1010 2 2 5 542 813 545 2193 971 1526 
1011 2 2 5 275 819 274 2194 1001 374 
1012 2 2 5 236 817 235 1019 2195 335 
1013 2 2 5 621 820 623 956 2196 1758 
1014 2 2 5 299 825 298 986 2197 398 
1015 2 2 5 280 821 279 2198 998 379 
1016 2 2 5 732 818 440 2199 968 2095 
1017 2 2 5 632 822 634 950 2200 1953 
1018 2 2 5 680 823 682 2201 953 2010 
1019 2 2 5 283 824 282 2202 992 382 
1020 2 2 5 639 826 641 995 2203 2037 
1021 2 2 5 646 828 648 983 2204 1730 
1022 2 2 5 286 827 285 2205 989 385 
1023 2 2 5 293 829 292 2206 980 392 
1024 2 2 5 661 830 663 947 2207 1938 
1025 2 2 5 529 809 527 977 2208 1843 
1026 2 2 5 711 888 712 2209 2210 1705 
1027 2 2 5 573 891 575 2211 2212 2008 
1028 2 2 5 540 894 543 2213 2214 2060 
1029 2 2 5 699 890 698 2215 2216 1725 
1030 2 2 5 252 889 488 2217 2218 1585 
1031 2 2 5 477 899 237 2219 2220 1893 
1032 2 2 5 232 892 468 2221 2222 1433 
1033 2 2 5 261 893 455 2223 2224 1933 
1034 2 2 5 467 887 26 2225 2226 1968 
1035 2 2 5 557 886 558 2227 2228 1329 
1036 2 2 5 607 898 606 2229 2230 2021 
1037 2 2 5 536 897 535 2231 2232 1794 
1038 2 2 5 264 896 495 2233 2234 1648 
1039 2 2 5 600 895 599 2235 2236 2042 
1040 2 2 5 273 900 493 2237 2238 2019 
1041 2 2 5 628 901 625 2239 2240 2015 
1042 2 2 5 278 902 460 2241 2242 1617 
1043 2 2 5 441 904 300 2243 2244 1603 
1044 2 2 5 281 903 492 2245 2246 2031 
1045 2 2 5 637 905 636 2247 2248 1670 
1046 2 2 5 644 907 643 2249 2250 2023 
1047 2 2 5 284 906 450 2251 2252 1601 
1048 2 2 5 666 911 665 2253 2254 1696 
1049 2 2 5 651 909 650 2255 2256 1981 
1050 2 2 5 678 908 683 2257 2258 2046 
1051 2 2 5 291 910 489 2259 2260 1807 
1052 2 2 5 504 797 213 2261 2116 1673 
1053 2 2 5 503 798 5 2262 2118 1734 
1054 2 2 5 6 800 503 2121 2263 1733 
1055 2 2 5 214 799 504 2123 2264 1672 
1056 2 2 5 13 913 1 2265 2266 112 
1057 2 2 5 1 913 7 2266 2267 12 
1058 2 2 5 2 915 111 2268 2269 211 
1059 2 2 5 0 914 319 2270 2271 419 
1060 2 2 5 4 914 0 2272 2270 8 
1061 2 2 5 212 915 2 2273 2268 216 
1062 2 2 5 221 912 3 2274 2275 320 
1063 2 2 5 3 912 215 2275 2276 220 
1064 2 2 5 712 888 803 2210 2277 2159 
1065 2 2 5 575 891 805 2212 2278 2133 
1066 2 2 5 488 889 806 2218 2279 2171 
1067 2 2 5 807 890 699 2280 2215 2131 
1068 2 2 5 543 894 817 2214 2281 2141 
1069 2 2 5 558 886 809 2228 2282 2169 
1070 2 2 5 808 887 467 2283 2225 927 
1071 2 2 5 455 893 810 2224 2284 2167 
1072 2 2 5 812 895 600 2285 2235 2139 
1073 2 2 5 811 897 536 2286 2231 2157 
1074 2 2 5 813 899 477 2287 2219 2175 
1075 2 2 5 495 896 814 2234 2288 2137 
1076 2 2 5 468 892 815 2222 2289 2178 
1077 2 2 5 816 898 607 2290 2229 2145 
1078 2 2 5 493 900 820 2238 2291 2161 
1079 2 2 5 819 901 628 2292 2239 2149 
1080 2 2 5 460 902 822 2242 2293 2165 
1081 2 2 5 821 905 637 2294 2247 2153 
1082 2 2 5 823 904 441 2295 2243 2173 
1083 2 2 5 492 903 826 2246 2296 2135 
1084 2 2 5 824 907 644 2297 2249 2155 
1085 2 2 5 827 909 651 2298 2255 2151 
1086 2 2 5 450 906 828 2252 2299 2129 
1087 2 2 5 683 908 825 2258 2300 2143 
1088 2 2 5 829 911 666 2301 2253 2147 
1089 2 2 5 489 910 830 2260 2302 2163 
1090 2 2 5 690 804 751 2179 2180 1118 
1091 2 2 5 786 803 707 2181 2303 2103 
1092 2 2 5 581 806 699 2183 2304 1724 
1093 2 2 5 24 805 471 2182 2305 1839 
1094 2 2 5 464 807 254 2306 2185 1897 
1095 2 2 5 575 808 572 2307 2187 2009 
1096 2 2 5 451 811 234 2308 2191 1950 
1097 2 2 5 597 810 600 2186 2309 2041 
1098 2 2 5 495 812 263 2310 2188 1649 
1099 2 2 5 543 813 542 2311 2193 2061 
1100 2 2 5 527 809 530 2208 2312 2087 
1101 2 2 5 604 814 607 2190 2313 2020 
1102 2 2 5 447 816 266 2314 2189 1591 
1103 2 2 5 533 815 536 2184 2315 1793 
1104 2 2 5 235 817 451 2195 2316 1949 
1105 2 2 5 571 818 732 2192 2199 1389 
1106 2 2 5 623 820 628 2196 2317 2014 
1107 2 2 5 442 819 275 2318 2194 1593 
1108 2 2 5 492 821 280 2319 2198 2032 
1109 2 2 5 634 822 637 2200 2320 1669 
1110 2 2 5 683 823 680 2321 2201 2047 
1111 2 2 5 450 824 283 2322 2202 1602 
1112 2 2 5 298 825 465 2197 2323 1900 
1113 2 2 5 641 826 644 2203 2324 2022 
1114 2 2 5 485 827 286 2325 2205 1887 
1115 2 2 5 648 828 651 2204 2326 1980 
1116 2 2 5 459 829 293 2327 2206 1790 
1117 2 2 5 663 830 666 2207 2328 1695 
1118 2 2 5 505 917 785 942 2329 1480 
1119 2 2 5 475 916 565 2330 943 1553 
1120 2 2 5 894 897 451 2331 2332 2333 
1121 2 2 5 530 886 854 2334 2335 2336 
1122 2 2 5 840 890 464 2337 2338 2339 
1123 2 2 5 471 891 853 2340 2341 2342 
1124 2 2 5 859 898 447 2343 2344 2345 
1125 2 2 5 707 888 835 2346 2347 2348 
1126 2 2 5 869 901 442 2349 2350 2351 
1127 2 2 5 465 908 876 2352 2353 2354 
1128 2 2 5 878 909 485 2355 2356 2357 
1129 2 2 5 882 911 459 2358 2359 2360 
1130 2 2 5 559 837 835 2361 2362 2363 
1131 2 2 5 555 843 727 2364 2365 1300 
1132 2 2 5 785 852 448 2366 2367 1681 
1133 2 2 5 437 847 843 2368 2369 2370 
1134 2 2 5 559 835 713 2363 2371 1337 
1135 2 2 5 497 846 833 2372 2373 2374 
1136 2 2 5 835 837 706 2362 2375 2376 
1137 2 2 5 843 847 727 2369 2377 2365 
1138 2 2 5 462 844 838 2378 2379 2380 
1139 2 2 5 566 856 473 2381 2382 1354 
1140 2 2 5 833 846 777 2373 2383 2384 
1141 2 2 5 838 844 742 2379 2385 2386 
1142 2 2 5 851 855 420 2387 2388 2389 
1143 2 2 5 586 840 836 2390 2391 2392 
1144 2 2 5 836 840 735 2391 2393 2394 
1145 2 2 5 872 875 757 2395 2396 2397 
1146 2 2 5 862 866 755 2398 2399 2400 
1147 2 2 5 754 839 446 2401 2402 1621 
1148 2 2 5 768 847 437 2403 2368 1468 
1149 2 2 5 706 837 529 2375 975 1386 
1150 2 2 5 518 875 872 2404 2395 2405 
1151 2 2 5 884 885 787 2406 2407 2408 
1152 2 2 5 700 840 586 2409 2390 1371 
1153 2 2 5 839 841 446 2410 2411 2402 
1154 2 2 5 763 844 462 2412 2378 1741 
1155 2 2 5 514 866 862 2413 2398 2414 
1156 2 2 5 741 838 742 2415 2386 1929 
1157 2 2 5 790 853 849 2416 2417 2418 
1158 2 2 5 842 845 589 2419 2420 2421 
1159 2 2 5 856 862 473 2422 2423 2382 
1160 2 2 5 553 855 851 2424 2387 2425 
1161 2 2 5 749 845 842 2426 2419 2427 
1162 2 2 5 774 846 497 2428 2372 1830 
1163 2 2 5 487 836 735 2429 2394 1917 
1164 2 2 5 858 860 547 2430 2431 2432 
1165 2 2 5 446 841 768 2411 2433 1909 
1166 2 2 5 437 843 568 2370 2434 1610 
1167 2 2 5 784 832 582 2435 960 2071 
1168 2 2 5 841 847 768 2436 2403 2433 
1169 2 2 5 558 837 559 2168 2361 1492 
1170 2 2 5 726 833 777 2437 2384 1464 
1171 2 2 5 587 842 589 2438 2421 2030 
1172 2 2 5 491 845 749 2439 2426 2012 
1173 2 2 5 848 850 593 2440 2441 2442 
1174 2 2 5 780 831 421 2443 957 1820 
1175 2 2 5 497 833 754 2374 2444 2006 
1176 2 2 5 586 836 587 2392 2445 1640 
1177 2 2 5 723 841 724 2446 2447 1974 
1178 2 2 5 488 832 763 2170 2448 1459 
1179 2 2 5 462 838 774 2380 2449 1444 
1180 2 2 5 707 835 706 2348 2376 1431 
1181 2 2 5 791 853 716 2450 2451 2088 
1182 2 2 5 718 850 848 2452 2440 2453 
1183 2 2 5 849 853 791 2417 2450 2454 
1184 2 2 5 724 841 839 2447 2410 2455 
1185 2 2 5 708 860 858 2456 2430 2457 
1186 2 2 5 735 840 464 2393 2339 1682 
1187 2 2 5 530 854 531 2336 972 1508 
1188 2 2 5 749 842 487 2427 2458 1910 
1189 2 2 5 843 851 568 2459 2460 2434 
1190 2 2 5 724 839 726 2455 2461 2043 
1191 2 2 5 455 850 718 2166 2452 1613 
1192 2 2 5 591 848 593 2462 2442 2040 
1193 2 2 5 718 848 491 2453 2463 1861 
1194 2 2 5 448 834 780 2464 2465 1606 
1195 2 2 5 777 846 741 2383 2466 1994 
1196 2 2 5 831 834 796 2467 2468 2469 
1197 2 2 5 589 845 591 2420 2470 2033 
1198 2 2 5 593 850 595 2441 963 1772 
1199 2 2 5 742 844 784 2385 2471 1995 
1200 2 2 5 723 847 841 2472 2436 2446 
1201 2 2 5 727 847 723 2377 2472 1943 
1202 2 2 5 564 852 563 2473 2474 1456 
1203 2 2 5 555 851 843 2475 2459 2364 
1204 2 2 5 473 862 755 2423 2400 2068 
1205 2 2 5 832 844 763 2476 2412 2448 
1206 2 2 5 568 851 420 2460 2389 2052 
1207 2 2 5 491 848 845 2463 2477 2439 
1208 2 2 5 790 849 566 2418 2478 2081 
1209 2 2 5 845 848 591 2477 2462 2470 
1210 2 2 5 784 844 832 2471 2476 2435 
1211 2 2 5 796 834 564 2468 2479 2111 
1212 2 2 5 420 855 759 2388 2480 2096 
1213 2 2 5 487 842 836 2458 2481 2429 
1214 2 2 5 836 842 587 2481 2438 2445 
1215 2 2 5 512 862 856 2482 2422 2483 
1216 2 2 5 553 851 555 2425 2475 1914 
1217 2 2 5 471 853 790 2342 2416 2018 
1218 2 2 5 708 858 477 2457 2174 1404 
1219 2 2 5 549 857 551 2484 2485 1427 
1220 2 2 5 511 849 791 2486 2454 1366 
1221 2 2 5 549 860 857 2487 2488 2484 
1222 2 2 5 741 846 838 2466 2489 2415 
1223 2 2 5 833 839 754 2490 2401 2444 
1224 2 2 5 759 857 480 2491 2492 2016 
1225 2 2 5 512 856 511 2483 2493 1484 
1226 2 2 5 838 846 774 2489 2428 2449 
1227 2 2 5 468 854 788 2177 2494 1761 
1228 2 2 5 472 872 757 2495 2397 1393 
1229 2 2 5 726 839 833 2461 2490 2437 
1230 2 2 5 522 885 884 2496 2406 2497 
1231 2 2 5 551 855 553 2498 2424 1499 
1232 2 2 5 516 866 514 2499 2413 1851 
1233 2 2 5 547 860 549 2431 2487 2077 
1234 2 2 5 859 861 611 2500 2501 2502 
1235 2 2 5 609 859 611 2503 2502 1766 
1236 2 2 5 514 862 512 2414 2482 2029 
1237 2 2 5 760 861 859 2504 2500 2505 
1238 2 2 5 760 859 447 2505 2345 1841 
1239 2 2 5 857 860 480 2488 2506 2492 
1240 2 2 5 611 861 613 2501 2507 2056 
1241 2 2 5 613 863 615 2508 2509 1518 
1242 2 2 5 545 858 547 970 2432 1713 
1243 2 2 5 499 861 760 2510 2504 1532 
1244 2 2 5 861 863 613 2511 2508 2507 
1245 2 2 5 499 863 861 2512 2511 2510 
1246 2 2 5 780 834 831 2465 2467 2443 
1247 2 2 5 752 863 499 2513 2512 1806 
1248 2 2 5 480 860 708 2506 2456 1970 
1249 2 2 5 755 866 472 2399 2514 1646 
1250 2 2 5 712 831 796 2158 2469 2115 
1251 2 2 5 864 865 617 2515 2516 2517 
1252 2 2 5 863 864 615 2518 2519 2509 
1253 2 2 5 615 864 617 2519 2517 1812 
1254 2 2 5 752 864 863 2520 2518 2513 
1255 2 2 5 855 857 759 2521 2491 2480 
1256 2 2 5 466 864 752 2522 2520 1665 
1257 2 2 5 719 865 466 2523 2524 1744 
1258 2 2 5 466 865 864 2524 2515 2522 
1259 2 2 5 617 865 619 2516 2525 1834 
1260 2 2 5 619 867 621 2526 954 1902 
1261 2 2 5 868 871 770 2527 2528 2529 
1262 2 2 5 493 867 719 2160 2530 1577 
1263 2 2 5 719 867 865 2530 2531 2523 
1264 2 2 5 551 857 855 2485 2521 2498 
1265 2 2 5 440 868 770 967 2529 1934 
1266 2 2 5 865 867 619 2531 2526 2525 
1267 2 2 5 689 871 868 2532 2527 2533 
1268 2 2 5 520 875 518 2534 2404 1986 
1269 2 2 5 481 884 787 2535 2408 2091 
1270 2 2 5 766 869 442 2536 2351 1842 
1271 2 2 5 766 870 869 2537 2538 2536 
1272 2 2 5 849 856 566 2539 2381 2478 
1273 2 2 5 687 871 689 2540 2532 1941 
1274 2 2 5 627 869 630 2541 2542 2066 
1275 2 2 5 689 868 691 2533 2176 1703 
1276 2 2 5 511 856 849 2493 2539 2486 
1277 2 2 5 630 870 632 2543 948 2004 
1278 2 2 5 460 870 766 2164 2537 1566 
1279 2 2 5 685 874 873 2544 2545 2546 
1280 2 2 5 869 870 630 2538 2543 2542 
1281 2 2 5 687 873 871 2547 2548 2540 
1282 2 2 5 873 874 715 2545 2549 2550 
1283 2 2 5 685 873 687 2546 2547 1992 
1284 2 2 5 715 874 441 2549 2172 1448 
1285 2 2 5 434 873 715 2551 2550 1708 
1286 2 2 5 770 871 434 2528 2552 2067 
1287 2 2 5 871 873 434 2548 2551 2552 
1288 2 2 5 682 874 685 952 2544 2025 
1289 2 2 5 518 872 516 2405 2553 2057 
1290 2 2 5 834 852 564 2554 2473 2479 
1291 2 2 5 448 852 834 2367 2554 2464 
1292 2 2 5 866 872 472 2555 2495 2514 
1293 2 2 5 878 880 655 2556 2557 2558 
1294 2 2 5 524 885 522 2559 2496 1411 
1295 2 2 5 714 880 878 2560 2556 2561 
1296 2 2 5 757 875 481 2396 2562 1643 
1297 2 2 5 674 877 876 2563 2564 2565 
1298 2 2 5 465 876 748 2354 2566 1524 
1299 2 2 5 674 876 676 2565 2567 1982 
1300 2 2 5 876 877 748 2564 2568 2566 
1301 2 2 5 672 877 674 2569 2563 1650 
1302 2 2 5 765 883 881 2570 2571 2572 
1303 2 2 5 714 878 485 2561 2357 1721 
1304 2 2 5 655 880 657 2557 2573 1618 
1305 2 2 5 516 872 866 2553 2555 2499 
1306 2 2 5 765 881 422 2572 2574 1630 
1307 2 2 5 670 882 879 2575 2576 2577 
1308 2 2 5 422 880 714 2578 2560 1418 
1309 2 2 5 881 883 659 2571 2579 2580 
1310 2 2 5 670 879 672 2577 2581 1996 
1311 2 2 5 672 879 877 2581 2582 2569 
1312 2 2 5 653 878 655 2583 2558 1802 
1313 2 2 5 879 882 769 2576 2584 2585 
1314 2 2 5 496 879 769 2586 2585 1594 
1315 2 2 5 748 877 496 2568 2587 1791 
1316 2 2 5 489 883 765 2162 2570 1822 
1317 2 2 5 668 882 670 2588 2575 1814 
1318 2 2 5 877 879 496 2582 2586 2587 
1319 2 2 5 657 881 659 2589 2580 1836 
1320 2 2 5 659 883 661 2579 945 1747 
1321 2 2 5 769 882 459 2584 2360 2027 
1322 2 2 5 422 881 880 2574 2590 2578 
1323 2 2 5 880 881 657 2590 2589 2573 
1324 2 2 5 522 884 520 2497 2591 2076 
1325 2 2 5 787 885 475 2407 2592 2099 
1326 2 2 5 875 884 481 2593 2535 2562 
1327 2 2 5 520 884 875 2591 2593 2534 
1328 2 2 5 854 886 788 2335 2594 2494 
1329 2 2 5 700 890 840 2595 2337 2409 
1330 2 2 5 853 891 716 2341 2596 2451 
1331 2 2 5 835 888 713 2347 2597 2371 
1332 2 2 5 609 898 859 2598 2343 2503 
1333 2 2 5 627 901 869 2599 2349 2541 
1334 2 2 5 876 908 676 2353 2600 2567 
1335 2 2 5 653 909 878 2601 2355 2583 
1336 2 2 5 668 911 882 2602 2358 2588 
1337 2 2 5 713 888 711 2597 2209 1400 
1338 2 2 5 788 886 557 2594 2227 2093 
1339 2 2 5 26 887 25 2226 1002 125 
1340 2 2 5 253 889 252 1015 2217 352 
1341 2 2 5 698 890 700 2216 2595 1667 
1342 2 2 5 716 891 573 2596 2211 2074 
1343 2 2 5 233 892 232 1021 2221 332 
1344 2 2 5 262 893 261 1009 2223 361 
1345 2 2 5 599 895 602 2236 1005 1529 
1346 2 2 5 538 894 540 2603 2213 1944 
1347 2 2 5 535 897 538 2232 2604 2054 
1348 2 2 5 265 896 264 1012 2233 364 
1349 2 2 5 606 898 609 2230 2598 1888 
1350 2 2 5 237 899 236 2220 1017 336 
1351 2 2 5 538 897 894 2604 2331 2603 
1352 2 2 5 274 900 273 1000 2237 373 
1353 2 2 5 625 901 627 2240 2599 1960 
1354 2 2 5 279 902 278 997 2241 378 
1355 2 2 5 300 904 299 2244 984 399 
1356 2 2 5 282 903 281 991 2245 381 
1357 2 2 5 636 905 639 2248 993 2005 
1358 2 2 5 285 906 284 988 2251 384 
1359 2 2 5 676 908 678 2600 2257 1676 
1360 2 2 5 643 907 646 2250 981 1781 
1361 2 2 5 650 909 653 2256 2601 1855 
1362 2 2 5 292 910 291 979 2259 391 
1363 2 2 5 665 911 668 2254 2602 1573 
1364 2 2 5 504 801 797 2605 931 2261 
1365 2 2 5 800 802 503 935 2606 2263 
1366 2 2 5 525 919 524 940 2607 2039 
1367 2 2 5 563 918 561 2608 937 2062 
1368 2 2 5 799 918 504 938 2609 2264 
1369 2 2 5 503 919 798 2610 939 2262 
1370 2 2 5 805 891 471 2278 2340 2305 
1371 2 2 5 806 889 699 2279 2130 2304 
1372 2 2 5 803 888 707 2277 2346 2303 
1373 2 2 5 464 890 807 2338 2280 2306 
1374 2 2 5 575 887 808 2132 2283 2307 
1375 2 2 5 809 886 530 2282 2334 2312 
1376 2 2 5 810 893 600 2284 2138 2309 
1377 2 2 5 451 897 811 2332 2286 2308 
1378 2 2 5 495 895 812 2136 2285 2310 
1379 2 2 5 814 896 607 2288 2144 2313 
1380 2 2 5 543 899 813 2140 2287 2311 
1381 2 2 5 447 898 816 2344 2290 2314 
1382 2 2 5 815 892 536 2289 2156 2315 
1383 2 2 5 817 894 451 2281 2333 2316 
1384 2 2 5 820 900 628 2291 2148 2317 
1385 2 2 5 442 901 819 2350 2292 2318 
1386 2 2 5 492 905 821 2134 2294 2319 
1387 2 2 5 822 902 637 2293 2152 2320 
1388 2 2 5 683 904 823 2142 2295 2321 
1389 2 2 5 450 907 824 2128 2297 2322 
1390 2 2 5 825 908 465 2300 2352 2323 
1391 2 2 5 826 903 644 2296 2154 2324 
1392 2 2 5 485 909 827 2356 2298 2325 
1393 2 2 5 828 906 651 2299 2150 2326 
1394 2 2 5 459 911 829 2359 2301 2327 
1395 2 2 5 830 910 666 2302 2146 2328 
1396 2 2 5 801 918 563 2611 2608 2612 
1397 2 2 5 524 919 802 2607 2613 2614 
1398 2 2 5 215 912 799 2276 2615 2122 
1399 2 2 5 797 915 212 2616 2273 2117 
1400 2 2 5 7 913 800 2267 2617 2120 
1401 2 2 5 798 914 4 2618 2272 2119 
1402 2 2 5 560 912 221 2619 2274 1314 
1403 2 2 5 565 913 13 2620 2265 1316 
1404 2 2 5 111 915 505 2269 2621 1908 
1405 2 2 5 319 914 506 2271 2622 1913 
1406 2 2 5 799 912 560 2615 2619 924 
1407 2 2 5 506 914 798 2622 2618 920 
1408 2 2 5 505 915 797 2621 2616 933 
1409 2 2 5 800 913 565 2617 2620 936 
1410 2 2 5 563 917 801 2623 941 2612 
1411 2 2 5 802 916 524 944 2624 2614 
1412 2 2 5 852 917 563 2625 2623 2474 
1413 2 2 5 524 916 885 2624 2626 2559 
1414 2 2 5 504 918 801 2609 2611 2605 
1415 2 2 5 802 919 503 2613 2610 2606 
1416 2 2 5 785 917 852 2329 2625 2366 
1417 2 2 5 885 916 475 2626 2330 2592 
