2627
0 0 0
0.0005 0 0
0.0005 0.01 0
0 0.01 0
0.0001 0 0
0.0002 0 0
0.0003 0 0
0.0004 0 0
5e-05 0 0
0.00015 0 0
0.00025 0 0
0.00035 0 0
0.00045 0 0
0.0005 0.0001 0
0.0005 0.0002 0
0.0005 0.0003 0
0.0005 0.0004 0
0.0005 0.0005 0
0.0005 0.0006 0
0.0005 0.0007 0
0.0005 0.0008 0
0.0005 0.0009 0
0.0005 0.001 0
0.0005 0.0011 0
0.0005 0.0012 0
0.0005 0.0013 0
0.0005 0.0014 0
0.0005 0.0015 0
0.0005 0.0016 0
0.0005 0.0017 0
0.0005 0.0018 0
0.0005 0.0019 0
0.0005 0.002 0
0.0005 0.0021 0
0.0005 0.0022 0
0.0005 0.0023 0
0.0005 0.0024 0
0.0005 0.0025 0
0.0005 0.0026 0
0.0005 0.0027 0
0.0005 0.0028 0
0.0005 0.0029 0
0.0005 0.003 0
0.0005 0.0031 0
0.0005 0.0032 0
0.0005 0.0033 0
0.0005 0.0034 0
0.0005 0.0035 0
0.0005 0.0036 0
0.0005 0.0037 0
0.0005 0.0038 0
0.0005 0.0039 0
0.0005 0.004 0
0.0005 0.0041 0
0.0005 0.0042 0
0.0005 0.0043 0
0.0005 0.0044 0
0.0005 0.0045 0
0.0005 0.0046 0
0.0005 0.0047 0
0.0005 0.0048 0
0.0005 0.0049 0
0.0005 0.005 0
0.0005 0.0051 0
0.0005 0.0052 0
0.0005 0.0053 0
0.0005 0.0054 0
0.0005 0.0055 0
0.0005 0.0056 0
0.0005 0.0057 0
0.0005 0.0058 0
0.0005 0.0059 0
0.0005 0.006 0
0.0005 0.0061 0
0.0005 0.0062 0
0.0005 0.0063 0
0.0005 0.0064 0
0.0005 0.0065 0
0.0005 0.0066 0
0.0005 0.0067 0
0.0005 0.0068 0
0.0005 0.0069 0
0.0005 0.007 0
0.0005 0.0071 0
0.0005 0.0072 0
0.0005 0.0073 0
0.0005 0.0074 0
0.0005 0.0075 0
0.0005 0.0076 0
0.0005 0.0077 0
0.0005 0.0078 0
0.0005 0.0079 0
0.0005 0.008 0
0.0005 0.0081 0
0.0005 0.0082 0
0.0005 0.0083 0
0.0005 0.0084 0
0.0005 0.0085 0
0.0005 0.0086 0
0.0005 0.0087 0
0.0005 0.0088 0
0.0005 0.0089 0
0.0005 0.009 0
0.0005 0.0091 0
0.0005 0.0092 0
0.0005 0.0093 0
0.0005 0.0094 0
0.0005 0.0095 0
0.0005 0.0096 0
0.0005 0.0097 0
0.0005 0.0098 0
0.0005 0.0099 0
0.0005 5e-05 0
0.0005 0.00015 0
0.0005 0.00025 0
0.0005 0.00035 0
0.0005 0.00045 0
0.0005 0.00055 0
0.0005 0.00065 0
0.0005 0.00075 0
0.0005 0.00085 0
0.0005 0.00095 0
0.0005 0.00105 0
0.0005 0.00115 0
0.0005 0.00125 0
0.0005 0.00135 0
0.0005 0.00145 0
0.0005 0.00155 0
0.0005 0.00165 0
0.0005 0.00175 0
0.0005 0.00185 0
0.0005 0.00195 0
0.0005 0.00205 0
0.0005 0.00215 0
0.0005 0.00225 0
0.0005 0.00235 0
0.0005 0.00245 0
0.0005 0.00255 0
0.0005 0.00265 0
0.0005 0.00275 0
0.0005 0.00285 0
0.0005 0.00295 0
0.0005 0.00305 0
0.0005 0.00315 0
0.0005 0.00325 0
0.0005 0.00335 0
0.0005 0.00345 0
0.0005 0.00355 0
0.0005 0.00365 0
0.0005 0.00375 0
0.0005 0.00385 0
0.0005 0.00395 0
0.0005 0.00405 0
0.0005 0.00415 0
0.0005 0.00425 0
0.0005 0.00435 0
0.0005 0.00445 0
0.0005 0.00455 0
0.0005 0.00465 0
0.0005 0.00475 0
0.0005 0.00485 0
0.0005 0.00495 0
0.0005 0.00505 0
0.0005 0.00515 0
0.0005 0.00525 0
0.0005 0.00535 0
0.0005 0.00545 0
0.0005 0.00555 0
0.0005 0.00565 0
0.0005 0.00575 0
0.0005 0.00585 0
0.0005 0.00595 0
0.0005 0.00605 0
0.0005 0.00615 0
0.0005 0.00625 0
0.0005 0.00635 0
0.0005 0.00645 0
0.0005 0.00655 0
0.0005 0.00665 0
0.0005 0.00675 0
0.0005 0.00685 0
0.0005 0.00695 0
0.0005 0.00705 0
0.0005 0.00715 0
0.0005 0.00725 0
0.0005 0.00735 0
0.0005 0.00745 0
0.0005 0.00755 0
0.0005 0.00765 0
0.0005 0.00775 0
0.0005 0.00785 0
0.0005 0.00795 0
0.0005 0.00805 0
0.0005 0.00815 0
0.0005 0.00825 0
0.0005 0.00835 0
0.0005 0.00845 0
0.0005 0.00855 0
0.0005 0.00865 0
0.0005 0.00875 0
0.0005 0.00885 0
0.0005 0.00895 0
0.0005 0.00905 0
0.0005 0.00915 0
0.0005 0.00925 0
0.0005 0.00935 0
0.0005 0.00945 0
0.0005 0.00955 0
0.0005 0.00965 0
0.0005 0.00975 0
0.0005 0.00985 0
0.0005 0.00995 0
0.0004 0.01 0
0.0003 0.01 0
0.0002 0.01 0
0.0001 0.01 0
0.00045 0.01 0
0.00035 0.01 0
0.00025 0.01 0
0.00015 0.01 0
5e-05 0.01 0
0 0.0099 0
0 0.0098 0
0 0.0097 0
0 0.0096 0
0 0.0095 0
0 0.0094 0
0 0.0093 0
0 0.0092 0
0 0.0091 0
0 0.009 0
0 0.0089 0
0 0.0088 0
0 0.0087 0
0 0.0086 0
0 0.0085 0
0 0.0084 0
0 0.0083 0
0 0.0082 0
0 0.0081 0
0 0.008 0
0 0.0079 0
0 0.0078 0
0 0.0077 0
0 0.0076 0
0 0.0075 0
0 0.0074 0
0 0.0073 0
0 0.0072 0
0 0.0071 0
0 0.007 0
0 0.0069 0
0 0.0068 0
0 0.0067 0
0 0.0066 0
0 0.0065 0
0 0.0064 0
0 0.0063 0
0 0.0062 0
0 0.0061 0
0 0.006 0
0 0.0059 0
0 0.0058 0
0 0.0057 0
0 0.0056 0
0 0.0055 0
0 0.0054 0
0 0.0053 0
0 0.0052 0
0 0.0051 0
0 0.005 0
0 0.0049 0
0 0.0048 0
0 0.0047 0
0 0.0046 0
0 0.0045 0
0 0.0044 0
0 0.0043 0
0 0.0042 0
0 0.0041 0
0 0.004 0
0 0.0039 0
0 0.0038 0
0 0.0037 0
0 0.0036 0
0 0.0035 0
0 0.0034 0
0 0.0033 0
0 0.0032 0
0 0.0031 0
0 0.003 0
0 0.0029 0
0 0.0028 0
0 0.0027 0
0 0.0026 0
0 0.0025 0
0 0.0024 0
0 0.0023 0
0 0.0022 0
0 0.0021 0
0 0.002 0
0 0.0019 0
0 0.0018 0
0 0.0017 0
0 0.0016 0
0 0.0015 0
0 0.0014 0
0 0.0013 0
0 0.0012 0
0 0.0011 0
0 0.001 0
0 0.0009 0
0 0.0008 0
0 0.0007 0
0 0.0006 0
0 0.0005 0
0 0.0004 0
0 0.0003 0
0 0.0002 0
0 0.0001 0
0 0.00995 0
0 0.00985 0
0 0.00975 0
0 0.00965 0
0 0.00955 0
0 0.00945 0
0 0.00935 0
0 0.00925 0
0 0.00915 0
0 0.00905 0
0 0.00895 0
0 0.00885 0
0 0.00875 0
0 0.00865 0
0 0.00855 0
0 0.00845 0
0 0.00835 0
0 0.00825 0
0 0.00815 0
0 0.00805 0
0 0.00795 0
0 0.00785 0
0 0.00775 0
0 0.00765 0
0 0.00755 0
0 0.00745 0
0 0.00735 0
0 0.00725 0
0 0.00715 0
0 0.00705 0
0 0.00695 0
0 0.00685 0
0 0.00675 0
0 0.00665 0
0 0.00655 0
0 0.00645 0
0 0.00635 0
0 0.00625 0
0 0.00615 0
0 0.00605 0
0 0.00595 0
0 0.00585 0
0 0.00575 0
0 0.00565 0
0 0.00555 0
0 0.00545 0
0 0.00535 0
0 0.00525 0
0 0.00515 0
0 0.00505 0
0 0.00495 0
0 0.00485 0
0 0.00475 0
0 0.00465 0
0 0.00455 0
0 0.00445 0
0 0.00435 0
0 0.00425 0
0 0.00415 0
0 0.00405 0
0 0.00395 0
0 0.00385 0
0 0.00375 0
0 0.00365 0
0 0.00355 0
0 0.00345 0
0 0.00335 0
0 0.00325 0
0 0.00315 0
0 0.00305 0
0 0.00295 0
0 0.00285 0
0 0.00275 0
0 0.00265 0
0 0.00255 0
0 0.00245 0
0 0.00235 0
0 0.00225 0
0 0.00215 0
0 0.00205 0
0 0.00195 0
0 0.00185 0
0 0.00175 0
0 0.00165 0
0 0.00155 0
0 0.00145 0
0 0.00135 0
0 0.00125 0
0 0.00115 0
0 0.00105 0
0 0.00095 0
0 0.00085 0
0 0.00075 0
0 0.00065 0
0 0.00055 0
0 0.00045 0
0 0.00035 0
0 0.00025 0
0 0.00015 0
0 5e-05 0
8.66025e-05 0.00785 0
0.0004158 0.00944867 0
8.66025e-05 0.00315 0
0.000413397 0.00835 0
0.000413397 0.00925 0
0.000413397 0.00675 0
0.000413397 0.00345 0
0.000413397 0.00875 0
0.000413397 0.00905 0
8.66025e-05 0.00055 0
8.66025e-05 0.00075 0
8.66025e-05 0.00095 0
0.000413397 0.00695 0
8.66025e-05 0.00125 0
8.66025e-05 0.00175 0
0.000413397 0.00215 0
0.000413397 0.00815 0
8.66025e-05 0.00765 0
0.000413397 0.00245 0
0.000413397 0.00645 0
8.41997e-05 0.00154867 0
8.24789e-05 0.00195095 0
8.66025e-05 0.00445 0
0.000413397 0.00465 0
0.000413397 0.00555 0
0.000413397 0.00725 0
8.66025e-05 0.00745 0
8.66025e-05 0.00535 0
0.000413397 0.00965 0
0.000413397 0.00285 0
8.00641e-05 0.00364734 0
8.18026e-05 0.00855 0
8.66025e-05 0.00035 0
0.000413397 0.00485 0
0.000413397 0.00515 0
8.24789e-05 0.00594905 0
0.000413397 0.00625 0
0.000413397 0.00385 0
0.000413397 0.00405 0
8.66025e-05 0.00265 0
8.24789e-05 0.00424905 0
0.000413397 0.00575 0
8.66025e-05 0.00705 0
0.000413397 0.00305 0
8.66025e-05 0.00655 0
8.66025e-05 0.00225 0
8.66025e-05 0.00495 0
0.000418304 0.00145 0
8.24789e-05 0.00884905 0
8.66025e-05 0.00935 0
8.66025e-05 0.00915 0
0.000413397 0.00115 0
0.000413397 0.00065 0
0.000413397 0.00085 0
8.66025e-05 0.00975 0
0.000417752 0.000254337 0
0.000413397 0.00795 0
8.24789e-05 0.00825095 0
8.66025e-05 0.00955 0
0.000413397 0.00185 0
8.66025e-05 0.00805 0
0.000413397 0.00045 0
0.000413397 0.00775 0
0.000413397 0.00165 0
0.000413397 0.00755 0
8.66025e-05 0.00335 0
0.000413397 0.00325 0
8.66025e-05 0.00635 0
8.24789e-05 0.00684905 0
8.24789e-05 0.00294905 0
0.000413397 0.00605 0
8.66025e-05 0.00615 0
8.00641e-05 0.00394734 0
8.24789e-05 0.00474905 0
0.000413397 0.00435 0
8.00641e-05 0.00564734 0
8.66025e-05 0.00245 0
8.66025e-05 0.00725 0
0.000413397 0.00535 0
8.66025e-05 0.00515 0
0.000413397 0.00365 0
0.000413397 0.00265 0
0.000413397 0.00855 0
0.000254834 8.13776e-05 0
0.000254834 0.00991862 0
0.000404049 0.00984306 0
8.46772e-05 0.000150424 0
8.66025e-05 0.00105 0
0.000173205 0.001 0
0.000173205 0.0011 0
0.000173205 0.0009 0
0.000259808 0.00095 0
0.000259808 0.00085 0
0.000173205 0.0008 0
0.000259808 0.00075 0
0.000173205 0.0007 0
0.000259808 0.00065 0
0.000173205 0.0006 0
0.000259808 0.00055 0
0.000173205 0.0005 0
0.000259808 0.00045 0
0.000173205 0.0004 0
0.000259808 0.00035 0
0.000173205 0.0003 0
0.000259277 0.000242392 0
0.000164621 0.000196952 0
0.000413397 0.00895 0
0.000327563 0.00899867 0
0.000326923 0.00889978 0
0.000329326 0.00909845 0
0.000241282 0.00894959 0
0.000242798 0.00884856 0
0.000327251 0.00879972 0
0.000241471 0.00874838 0
0.000327084 0.00869968 0
0.000242091 0.00864968 0
0.000160658 0.00869702 0
0.00032716 0.00859989 0
0.000241143 0.00854998 0
0.000327014 0.00849998 0
0.000242025 0.00844999 0
0.000327137 0.0084 0
0.000241323 0.00835133 0
0.000160622 0.00840288 0
0.00032704 0.00830022 0
0.000242825 0.00825159 0
0.000326795 0.0082 0
0.000242084 0.00815014 0
0.00032711 0.00810002 0
0.000241139 0.00805001 0
0.000327005 0.008 0
0.000241094 0.00795 0
0.00032698 0.0079 0
0.000241091 0.00785 0
0.000326975 0.0078 0
0.00024109 0.00775 0
0.000413397 0.00785 0
8.49651e-05 0.00905 0
0.000168887 0.00909905 0
0.00017117 0.00919992 0
8.46772e-05 0.00984958 0
0.00016471 0.00980178 0
0.000171789 0.0097003 0
0.000257861 0.0097579 0
0.000255978 0.00965137 0
0.000404671 0.000157562 0
0.000413397 0.00095 0
0.000413506 0.00864993 0
8.66025e-05 0.00775 0
8.66025e-05 0.00135 0
0.000173205 0.0013 0
0.000172437 0.00139867 0
0.000258911 0.00134845 0
0.000258021 0.00124974 0
0.000252224 0.00144819 0
0.000339425 0.00129704 0
0.000172907 0.00119996 0
0.000413397 0.00665 0
0.000326795 0.0067 0
0.000326795 0.0066 0
0.000326795 0.0068 0
0.000240961 0.00674867 0
0.000242723 0.00684845 0
0.000413397 0.00655 0
0.000326795 0.0065 0
0.000326795 0.0064 0
0.000240192 0.00645 0
0.000240192 0.00635 0
0.000326795 0.0063 0
0.000240192 0.00625 0
0.000326795 0.0062 0
0.000240192 0.00615 0
0.000326795 0.0061 0
0.000240192 0.00605 0
0.000326795 0.006 0
0.000242595 0.00594867 0
0.000327195 0.00589978 0
0.000241428 0.00584841 0
0.000327068 0.0057997 0
0.000242081 0.00574968 0
0.000160649 0.00579702 0
0.000327155 0.0056999 0
0.000242973 0.0056486 0
0.000327318 0.00559975 0
0.000241511 0.00554839 0
0.000327102 0.00549969 0
0.000242101 0.00544968 0
0.000160666 0.00549702 0
0.000327164 0.0053999 0
0.000241143 0.00534998 0
0.000327015 0.00529998 0
0.000241094 0.00525 0
0.000326982 0.0052 0
0.000241091 0.00515 0
0.000326976 0.0051 0
0.000240192 0.00505 0
0.000326825 0.005 0
0.000240192 0.00495 0
0.0003268 0.0049 0
0.000240192 0.00485 0
0.000326796 0.0048 0
0.000242595 0.00474867 0
0.000327196 0.00469978 0
0.000241428 0.00464841 0
0.000327068 0.0045997 0
0.000242081 0.00454968 0
0.000327155 0.0044999 0
0.000241142 0.00444998 0
0.000160649 0.00459702 0
0.000327013 0.00439998 0
0.000241094 0.00435 0
0.000326982 0.0043 0
0.000242777 0.00424867 0
0.000327257 0.00419978 0
0.000241468 0.00414841 0
0.000327085 0.0040997 0
0.000242091 0.00404968 0
0.000160657 0.00409702 0
0.00032716 0.0039999 0
0.000242975 0.0039486 0
0.00032732 0.00389975 0
0.000241512 0.00384839 0
0.000327102 0.00379969 0
0.000242101 0.00374968 0
0.000160666 0.00379702 0
0.000327164 0.0036999 0
0.000242978 0.0036486 0
0.000327321 0.00359975 0
0.000241512 0.00354839 0
0.000327103 0.00349969 0
0.000242101 0.00344968 0
0.000160666 0.00349702 0
0.000327164 0.0033999 0
0.000241143 0.00334998 0
0.000327015 0.00329998 0
0.000241094 0.00325 0
0.000326982 0.0032 0
0.000241091 0.00315 0
0.000326976 0.0031 0
0.000240192 0.00305 0
0.000326825 0.003 0
0.0002426 0.00294867 0
0.000327201 0.00289978 0
0.00024143 0.00284841 0
0.000327069 0.0027997 0
0.000242082 0.00274968 0
0.000160649 0.00279702 0
0.000327155 0.0026999 0
0.000241142 0.00264998 0
0.000327013 0.00259998 0
0.000241094 0.00255 0
0.000326982 0.0025 0
0.000241091 0.00245 0
0.000326976 0.0024 0
0.000240192 0.00235 0
0.000326825 0.0023 0
0.000240192 0.00225 0
0.0003268 0.0022 0
0.000241831 0.00215 0
0.000327069 0.0021 0
0.000241279 0.00205133 0
0.000327022 0.00200022 0
0.000242814 0.00195159 0
0.000160582 0.00210288 0
0.000326795 0.0019 0
0.000242083 0.00185014 0
0.00032711 0.00180002 0
0.000241139 0.00175001 0
0.000327005 0.0017 0
0.000241094 0.00165 0
0.000327748 0.00160133 0
0.000245348 0.00154994 0
0.000413403 0.00225 0
0.000413435 0.00195004 0
0.000413523 0.00414991 0
0.000413494 0.00444998 0
0.000413464 0.00594996 0
0.000413403 0.00495 0
0.000241958 0.00664978 0
0.000160551 0.00669708 0
0.000241121 0.00654999 0
0.000413429 0.00175 0
0.000413429 0.00805 0
0.000413495 0.00884992 0
0.000413438 0.00825004 0
0.000413819 0.00914974 0
0.000328714 0.00919985 0
0.000331149 0.00929864 0
8.45839e-05 0.00815008 0
8.66025e-05 0.00945 0
0.000173205 0.0095 0
0.000171568 0.0094 0
0.000255489 0.00944905 0
0.000171223 0.00929999 0
8.66025e-05 0.00325 0
8.45839e-05 0.00185008 0
0.000258865 0.00114999 0
8.65529e-05 0.00114999 0
8.45839e-05 0.00604992 0
8.45839e-05 0.00484992 0
0.000413397 0.00765 0
0.000326795 0.0076 0
0.000326795 0.0075 0
0.000240192 0.00755 0
0.000240192 0.00745 0
0.000326795 0.0074 0
0.000240192 0.00735 0
0.000241082 0.00765 0
0.00032688 0.0077 0
8.66025e-05 0.00065 0
0.000413397 0.00635 0
0.00041351 0.00544993 0
8.53058e-05 0.00144823 0
0.000413432 0.00255 0
0.000413536 0.00354991 0
8.66025e-05 0.00645 0
0.000413432 0.00525 0
0.000413397 0.00615 0
0.000413397 0.00715 0
0.000326795 0.0072 0
0.000326795 0.0071 0
0.000240192 0.00715 0
0.000240192 0.00705 0
0.000413397 0.00705 0
0.000326795 0.007 0
0.000413397 0.00395 0
0.000413503 0.00274993 0
0.000413496 0.00334998 0
8.66025e-05 0.00235 0
8.66025e-05 0.00625 0
8.66025e-05 0.00085 0
0.000415142 0.00155155 0
8.66025e-05 0.00505 0
0.000413521 0.00584991 0
8.66025e-05 0.00735 0
0.000413397 0.00075 0
0.000413434 0.00505 0
0.000413397 0.00055 0
0.000413464 0.00474996 0
8.66025e-05 0.00795 0
8.66025e-05 0.00525 0
0.00041351 0.00374993 0
0.000413397 0.00685 0
8.45839e-05 0.00694992 0
0.000413397 0.00565 0
8.45839e-05 0.00304992 0
8.45839e-05 0.00434992 0
8.66025e-05 0.00925 0
8.66025e-05 0.00755 0
8.66025e-05 0.00255 0
8.52652e-05 0.00164992 0
0.000413397 0.00315 0
0.000413445 0.00845 0
0.000413397 0.00295 0
8.66025e-05 0.00715 0
0.000413519 0.00454993 0
0.000413526 0.00424995 0
0.000240192 0.00725 0
0.000413397 0.00745 0
0.000413397 0.00735 0
0.000414735 0.00954992 0
8.66025e-05 0.00045 0
8.4851e-05 0.000249563 0
0.000326795 0.0073 0
0.000242076 0.00694987 0
0.000416194 0.00974451 0
0.000415292 0.00934822 0
0.000413397 0.00035 0
8.35795e-05 0.00894989 0
0.000326795 0.0069 0
0.000413397 0.00105 0
0.000258916 0.00105 0
0.000413487 0.00205004 0
0.000413434 0.00235 0
8.63666e-05 0.00965005 0
0.000172291 0.00960029 0
0.000255028 0.00955012 0
0.000347603 0.00992048 0
0.000158057 9.3869e-05 0
0.00015807 0.00990595 0
0.000346961 8.08088e-05 0
0.000306087 0.00984315 0
0.000306319 0.000157215 0
0.000334053 0.0093991 0
0.000333428 0.00149884 0
0.000418772 0.00124951 0
0.000161148 0.00679887 0
8.12242e-05 0.00664951 0
0.000337586 0.00139875 0
0.00024674 0.00904929 0
0.000161221 0.00589886 0
8.04421e-05 0.0086495 0
8.01509e-05 0.00574906 0
0.000161237 0.00830112 0
0.000160901 0.00559856 0
0.000161263 0.00879884 0
8.12435e-05 0.0054495 0
8.04362e-05 0.00845048 0
0.000167564 0.00149697 0
8.12406e-05 0.0045495 0
0.000161221 0.00469886 0
8.01523e-05 0.00404906 0
0.000161259 0.00419886 0
0.000161222 0.00200113 0
8.01538e-05 0.00374906 0
8.12296e-05 0.00215048 0
0.000160902 0.00389856 0
8.12436e-05 0.0034495 0
0.000160902 0.00359856 0
8.12407e-05 0.0027495 0
0.000161222 0.00289886 0
0.000335661 0.00949963 0
0.000162735 0.00689936 0
0.000163397 0.0073 0
0.000335625 0.00960012 0
0.000250097 0.00924993 0
0.000163397 0.0064 0
0.000249155 0.00914941 0
0.000163397 0.0071 0
0.000163397 0.0074 0
0.000163397 0.0065 0
0.000163397 0.0075 0
0.000163397 0.0063 0
0.000163397 0.0077 0
0.000163264 0.00699986 0
0.000163397 0.0062 0
0.000163397 0.0072 0
0.000163397 0.0076 0
0.000163397 0.0061 0
0.000336603 0.001 0
0.000162411 0.00599942 0
0.000163397 0.0078 0
0.000337028 0.00969631 0
0.000336603 0.0011 0
0.000162464 0.00889932 0
0.000163397 0.0079 0
0.000336603 0.0009 0
0.000163397 0.008 0
0.000162768 0.00820065 0
0.000163397 0.0053 0
0.000163429 0.00810014 0
0.000163397 0.0052 0
0.000336603 0.0008 0
0.000163397 0.0051 0
0.000163397 0.005 0
0.000163397 0.0049 0
0.000336603 0.0007 0
0.000162412 0.00479942 0
0.000164478 0.00159925 0
0.000163372 0.00439998 0
0.000162594 0.00429941 0
0.000163663 0.00169986 0
0.000336603 0.0006 0
0.000163578 0.00180001 0
0.000162793 0.00190065 0
0.000336603 0.0005 0
0.0001634 0.0023 0
0.000163397 0.0024 0
0.000163397 0.0033 0
0.000163397 0.0025 0
0.000163397 0.0032 0
0.000163397 0.0031 0
0.000163397 0.0026 0
0.000162413 0.00299942 0
0.000336603 0.0004 0
0.000338325 0.000303792 0
0.00016338 0.009 0
0.000419014 0.00134922 0
0.000252263 0.00934945 0
8.09003e-05 0.00674909 0
0.000163415 0.0066 0
0.000336585 0.0012 0
8.08071e-05 0.00874907 0
8.075e-05 0.005849 0
0.000162475 0.00850028 0
0.000161137 0.00569838 0
8.04792e-05 0.00554874 0
0.000161435 0.00859941 0
0.000163415 0.0054 0
8.07958e-05 0.00835091 0
8.09316e-05 0.00464907 0
0.000163415 0.0045 0
8.0758e-05 0.004149 0
8.02976e-05 0.00384866 0
8.09188e-05 0.00205091 0
0.00016114 0.00399838 0
8.04794e-05 0.00354874 0
0.000161144 0.00369838 0
0.000163415 0.0022 0
0.000163415 0.0034 0
8.09319e-05 0.00284907 0
0.000163415 0.0027 0
7.32051e-05 0.00992679 0
0.000426795 7.32051e-05 0
7.32051e-05 7.32051e-05 0
0.000426795 0.00992679 0
0.000343112 0.000226023 0
0.000343407 0.00977476 0
0.000229062 0.00984488 0
0.000229062 0.000155125 0
0.000121367 0.000122146 0
0.000161339 0.000145411 0
0.000124649 0.000173688 0
0.00016139 0.00985386 0
0.000121373 0.00987776 0
0.000124693 0.00982568 0
0.000335507 0.0014488 0
0.000377945 0.00142438 0
0.000375866 0.00147442 0
0.000294905 0.00142347 0
0.000292826 0.00147351 0
0.000326845 0.00988182 0
0.000355068 0.00984311 0
0.000375826 0.00988177 0
0.000355495 0.000157389 0
0.00032664 0.000119012 0
0.000375816 0.000119185 0
0.000196886 0.00982333 0
0.000193566 0.00987541 0
0.000193559 0.000124497 0
0.000196841 0.000176038 0
0.000324747 0.00980896 0
0.000373728 0.00980891 0
0.000373892 0.000191793 0
0.000324716 0.000191619 0
0.000202506 0.00297404 0
0.000161817 0.00294914 0
0.000201911 0.00292376 0
0.000202685 0.00427404 0
0.000161927 0.00424914 0
0.000202018 0.00422376 0
0.000162008 0.00195089 0
0.000202804 0.00192612 0
0.000202018 0.00197636 0
0.000202503 0.00477404 0
0.000161816 0.00474914 0
0.000201908 0.00472376 0
0.000375731 0.00947415 0
0.000334857 0.00944936 0
0.000374926 0.00942388 0
0.000202729 0.0068739 0
0.000161941 0.00684912 0
0.000201936 0.00682366 0
0.000202503 0.00597404 0
0.000161816 0.00594914 0
0.000201908 0.00592376 0
0.000166021 0.00154811 0
0.000124339 0.00157396 0
0.000125882 0.00152282 0
0.000162003 0.00825089 0
0.000202796 0.00822612 0
0.000202031 0.00827636 0
0.000202631 0.00887394 0
0.000161864 0.00884908 0
0.000202031 0.0088237 0
0.000289241 0.00912393 0
0.000247948 0.00909935 0
0.000288033 0.00907387 0
8.10863e-05 0.00279929 0
4.04659e-05 0.00282454 0
4.06204e-05 0.00277475 0
0.000202061 0.00367349 0
0.000161023 0.00364847 0
0.00020194 0.00362358 0
4.04594e-05 0.00207545 0
8.10742e-05 0.00210069 0
4.06148e-05 0.00212524 0
8.08615e-05 0.00349912 0
4.02397e-05 0.00352437 0
4.06218e-05 0.00347475 0
8.02257e-05 0.00379886 0
4.01488e-05 0.00382433 0
4.00769e-05 0.00377453 0
0.000202058 0.00397349 0
0.000161021 0.00394847 0
0.000201938 0.00392358 0
8.04551e-05 0.00409903 0
4.0379e-05 0.0041245 0
4.00762e-05 0.00407453 0
8.10861e-05 0.00459929 0
4.04658e-05 0.00462454 0
4.06203e-05 0.00457475 0
0.000459507 0.00132461 0
0.000418893 0.00129936 0
0.000459386 0.00127475 0
0.000202055 0.00567349 0
0.000161019 0.00564847 0
0.000201937 0.00562358 0
8.04504e-05 0.00579903 0
4.0375e-05 0.0058245 0
4.00755e-05 0.00577453 0
8.08613e-05 0.00549912 0
4.02396e-05 0.00552437 0
4.06218e-05 0.00547475 0
8.10623e-05 0.0066993 0
4.04502e-05 0.00672454 0
4.06121e-05 0.00667476 0
4.03979e-05 0.00837545 0
8.0616e-05 0.00840069 0
4.02181e-05 0.00842524 0
8.06246e-05 0.00869928 0
4.04035e-05 0.00872453 0
4.02211e-05 0.00867475 0
0.000327135 0.00284974 0
0.000370233 0.00282485 0
0.000370299 0.00287489 0
0.000413397 0.0029 0
0.000370299 0.00292489 0
0.00041345 0.00269997 0
0.000370329 0.00272491 0
0.000370276 0.00267495 0
0.000370286 0.00277482 0
0.00041345 0.00279997 0
0.000327084 0.00264994 0
0.000370205 0.00262499 0
0.000370111 0.002975 0
0.000327013 0.00294989 0
0.000413397 0.003 0
0.000370111 0.003025 0
0.000327112 0.0027498 0
0.0003269 0.00305 0
0.000370187 0.003075 0
4.24255e-05 0.000224781 0
4.24255e-05 0.000274781 0
0.000456717 0.002375 0
0.000456717 0.002325 0
0.000326979 0.00245 0
0.000370187 0.002425 0
0.00037019 0.002475 0
0.000413447 0.00329999 0
0.000370255 0.00332498 0
0.000370206 0.00327499 0
0.000326998 0.00324999 0
0.00037019 0.003225 0
0.000456699 0.003175 0
0.000456699 0.003125 0
0.00037033 0.00337494 0
0.00032709 0.00334994 0
0.000456716 0.002575 0
0.000456716 0.002525 0
0.000413447 0.00339999 0
0.000370281 0.00342495 0
0.000327133 0.00344979 0
0.00037025 0.00347485 0
0.000413467 0.00349995 0
0.000370319 0.0035248 0
0.000370429 0.00357483 0
0.000327212 0.00354972 0
0.000129904 0.000325 0
0.000173205 0.00035 0
0.000129904 0.000375 0
0.000413467 0.00359995 0
0.000370359 0.00362487 0
0.000456702 0.002275 0
0.000456702 0.002225 0
0.000327242 0.00364982 0
0.000370281 0.00367495 0
0.000413418 0.0023 0
0.000129904 0.000425 0
8.66025e-05 0.0004 0
0.000456744 0.00207502 0
0.000456744 0.00202502 0
0.000326934 0.00215 0
0.000370233 0.002125 0
0.000370099 0.002175 0
0.000456755 0.00377497 0
0.000456755 0.00372497 0
0.000327211 0.00384972 0
0.00037025 0.00382485 0
0.000370358 0.00387487 0
0.000129904 0.000475 0
0.000173205 0.00045 0
0.000456699 0.003975 0
0.000456699 0.003925 0
0.000456718 0.00197502 0
0.000456718 0.00192502 0
0.000413461 0.00200004 0
0.000327122 0.0040498 0
0.000370279 0.00402495 0
0.000370241 0.00407485 0
0.000326952 0.00185001 0
0.000370254 0.00182501 0
0.000370096 0.001875 0
0.000456761 0.00417496 0
0.000456761 0.00412496 0
0.000124736 0.000223257 0
8.47641e-05 0.000199993 0
0.00037027 0.00177501 0
0.000413413 0.0018 0
0.000456763 0.00422497 0
0.000413525 0.00419993 0
8.66025e-05 0.0005 0
0.000129904 0.000525 0
0.000370217 0.001725 0
0.000327058 0.00175001 0
0.000413413 0.0017 0
0.000370201 0.001675 0
0.000456763 0.00427497 0
0.000371445 0.00157644 0
0.00041427 0.00160078 0
0.000370573 0.00162567 0
0.000326997 0.00434999 0
0.00037019 0.004325 0
0.000370205 0.00437499 0
0.0004134 0.0022 0
0.000456699 0.002175 0
0.000327377 0.00165067 0
0.000456747 0.00447499 0
0.000456747 0.00442499 0
0.000370102 0.002225 0
0.000173205 0.00055 0
0.000129904 0.000575 0
0.000370223 0.00257499 0
0.000413415 0.0026 0
0.00045676 0.00452496 0
0.000413506 0.00449995 0
0.000413415 0.0025 0
0.000370207 0.002525 0
0.00045676 0.00457496 0
0.000413397 0.0031 0
0.000370187 0.003125 0
0.00037019 0.003175 0
0.000413397 0.0032 0
0.000327132 0.00464974 0
0.000370233 0.00462485 0
0.000370297 0.00467489 0
0.000413416 0.00190002 0
0.000456699 0.001875 0
8.57268e-05 0.000299781 0
4.33013e-05 0.000325 0
0.000129028 0.000274781 0
0.000413431 0.00469998 0
0.00037033 0.00472487 0
0.000456699 0.003075 0
0.000456699 0.003225 0
0.000456699 0.002475 0
4.23386e-05 0.000175212 0
0.000370115 0.00192502 0
0.000456699 0.002625 0
0.000129904 0.000625 0
8.66025e-05 0.0006 0
0.00037013 0.00477498 0
0.000326996 0.00474989 0
0.000413431 0.00479998 0
0.000370097 0.004825 0
0.000326798 0.00485 0
0.000370099 0.004875 0
0.000413454 0.00369997 0
0.000370337 0.00372491 0
0.000413416 0.0024 0
0.000456699 0.002425 0
0.000413454 0.00379997 0
0.000456699 0.003825 0
0.000456699 0.003675 0
0.000456702 0.004975 0
0.000456702 0.004925 0
0.000413397 0.0039 0
0.000370358 0.00392487 0
0.000370306 0.00377481 0
0.000129904 0.000675 0
0.000173205 0.00065 0
0.000456717 0.005025 0
0.000413418 0.005 0
0.000456717 0.005075 0
0.000370205 0.002375 0
0.00041346 0.00409996 0
0.000370304 0.00412481 0
0.000370279 0.00397495 0
0.000413397 0.004 0
0.000456699 0.003875 0
0.000456699 0.004025 0
0.000456699 0.004075 0
0.000326979 0.00515 0
0.000370187 0.005125 0
0.00037019 0.005175 0
0.000413442 0.00210002 0
0.000456699 0.002125 0
8.66025e-05 0.0007 0
0.000129904 0.000725 0
0.000456716 0.005275 0
0.000456716 0.005225 0
0.000370291 0.008425 0
0.00037023 0.00847499 0
0.000327075 0.00844999 0
0.000413446 0.00439999 0
0.000370254 0.00442498 0
0.000370239 0.00827513 0
0.000413418 0.00830002 0
0.000370219 0.00832511 0
0.000413462 0.00429997 0
0.000456699 0.004325 0
0.000370278 0.00207502 0
0.000456699 0.004375 0
0.00032709 0.00534994 0
0.000370206 0.00532499 0
0.000370281 0.00537495 0
0.000370254 0.00427497 0
0.000413454 0.00539997 0
0.000370337 0.00542491 0
0.000413421 0.0085 0
0.000370206 0.00852499 0
0.000370117 0.00822502 0
0.000326918 0.00825011 0
0.000327089 0.00835011 0
0.000370267 0.008375 0
0.000413421 0.0084 0
0.000413418 0.00820002 0
0.000370096 0.008175 0
0.000173205 0.00075 0
0.000129904 0.000775 0
0.000370306 0.00547481 0
0.000327133 0.00544979 0
0.00037027 0.00807501 0
0.000413413 0.0081 0
0.000370254 0.00812501 0
0.000413458 0.00459996 0
0.000456699 0.004625 0
0.000413413 0.008 0
0.000370217 0.008025 0
0.000370201 0.007975 0
0.000326953 0.00815001 0
0.000327087 0.00854994 0
0.000370278 0.00857495 0
0.000413454 0.00549997 0
0.00037025 0.00552485 0
0.000370293 0.00457481 0
0.000326993 0.00795 0
0.000370189 0.007925 0
0.000370189 0.007875 0
0.000413397 0.0079 0
0.0004134 0.0049 0
0.000370102 0.004925 0
0.00032721 0.00554972 0
0.000370358 0.00557487 0
0.000327058 0.00805001 0
0.000456699 0.004875 0
0.000413397 0.0056 0
0.000370358 0.00562487 0
0.000370276 0.00567495 0
0.000327237 0.00564982 0
0.000370139 0.007675 0
0.000326838 0.00765 0
0.000370096 0.007625 0
0.000413416 0.0051 0
0.000456699 0.005125 0
0.000413415 0.0052 0
0.000370207 0.005225 0
0.000413397 0.0057 0
0.000370276 0.00572495 0
0.000456753 0.00867496 0
0.000456753 0.00862496 0
0.000370205 0.005075 0
0.000456699 0.005175 0
0.000413415 0.0053 0
0.000456699 0.005325 0
0.000327111 0.0057498 0
0.000370233 0.00577485 0
0.000129904 0.000825 0
8.66025e-05 0.0008 0
0.000370223 0.00527499 0
0.000413446 0.00879996 0
0.000370373 0.00882482 0
0.000370324 0.00877486 0
0.000370295 0.00867481 0
0.000413452 0.00869996 0
0.000370241 0.00872484 0
0.000370186 0.007825 0
0.000326978 0.00785 0
0.000327167 0.0087497 0
0.000326928 0.00775 0
0.000370139 0.007725 0
0.000370186 0.007775 0
0.000283981 0.007675 0
0.000283939 0.007625 0
0.000456699 0.008725 0
0.00045676 0.00587495 0
0.00045676 0.00582495 0
0.000413452 0.00859996 0
0.000370333 0.00862491 0
0.000283985 0.007725 0
0.000241086 0.0077 0
0.000456732 0.00597498 0
0.000456732 0.00592498 0
0.000413492 0.00589993 0
0.000168913 0.000248476 0
0.000370209 0.00887485 0
0.000327087 0.00884975 0
0.000413397 0.0077 0
0.000129904 0.000875 0
0.000173205 0.00085 0
0.00012973 0.00117497 0
0.000129879 0.001125 0
0.000173056 0.00114998 0
4.23386e-05 0.00982479 0
4.23386e-05 0.00987479 0
0.000452335 0.000178781 0
0.000452335 0.000128781 0
0.000456699 0.008575 0
0.000413397 0.0078 0
0.000413459 0.00579995 0
0.000370294 0.0058248 0
0.000326795 0.00605 0
0.000370096 0.006025 0
0.000370096 0.006075 0
0.00021606 0.001025 0
0.00021606 0.001075 0
0.000173205 0.00105 0
0.000413446 0.00889996 0
0.00037016 0.00892489 0
0.000126926 0.00907452 0
0.000127745 0.00912452 0
8.57838e-05 0.0091 0
8.65777e-05 0.0011 0
0.000129904 0.001075 0
0.000326997 0.00254999 0
0.000128913 0.009275 0
0.000128886 0.00922496 0
0.000171197 0.00924996 0
0.00045691 0.00917487 0
0.00045691 0.00912487 0
0.000413397 0.0061 0
0.000370096 0.006125 0
0.000413608 0.00909987 0
0.000371573 0.00912409 0
0.000371362 0.00907422 0
8.66025e-05 0.0009 0
0.000129904 0.000925 0
0.000456699 0.009075 0
4.33013e-05 0.000875 0
4.33013e-05 0.000925 0
0.000456699 0.005775 0
4.24825e-05 0.009075 0
4.33013e-05 0.009125 0
0.000456699 0.000925 0
0.000413397 0.0009 0
0.000456699 0.000875 0
0.000370096 0.006175 0
0.000326795 0.00615 0
0.000413431 0.00599998 0
0.000456699 0.006025 0
0.000283958 0.006575 0
0.000283958 0.006525 0
0.000326795 0.00655 0
4.33013e-05 0.000825 0
0.000456699 0.007875 0
0.000456699 0.007925 0
0.000259362 0.001 0
0.000216506 0.000975 0
0.000415546 0.00939845 0
0.000457646 0.00937411 0
0.0004579 0.00942433 0
0.000240657 0.0065 0
0.000283494 0.006475 0
0.00037013 0.00597498 0
0.000326795 0.00625 0
0.000370096 0.006225 0
0.000370096 0.006275 0
4.33013e-05 0.009425 0
4.33013e-05 0.009475 0
0.000456699 0.000575 0
0.000456699 0.000525 0
0.000413397 0.0062 0
0.000326795 0.00725 0
0.000283494 0.007275 0
0.000283494 0.007225 0
0.000371267 0.00917479 0
0.00032902 0.00914915 0
8.66025e-05 0.0093 0
0.000128913 0.009325 0
0.000128871 0.00142345 0
8.59542e-05 0.00139911 0
0.00012952 0.00137433 0
0.000327122 0.00864979 0
0.000413397 0.0006 0
0.000456699 0.000625 0
0.000458097 0.00977225 0
0.000458097 0.00972225 0
0.000456699 0.007825 0
8.66025e-05 0.0094 0
4.33013e-05 0.009375 0
0.000171395 0.00935 0
0.000129085 0.009375 0
0.000326979 0.00315 0
4.2292e-05 0.00817504 0
8.35314e-05 0.00820052 0
4.12395e-05 0.00822548 0
0.000370096 0.006325 0
0.000370096 0.006375 0
0.000326795 0.00635 0
0.000413397 0.0063 0
0.000216241 0.000271196 0
0.000259542 0.000296196 0
0.000216506 0.000325 0
4.2292e-05 0.00812504 0
0.000413397 0.009 0
0.000456699 0.008975 0
0.000456699 0.009025 0
0.000129085 0.009425 0
8.66025e-05 0.0032 0
4.33013e-05 0.003225 0
4.33013e-05 0.003175 0
4.33013e-05 0.000625 0
4.33013e-05 0.000675 0
0.000456752 0.00272497 0
0.000456699 0.002675 0
0.000456699 0.007675 0
0.000456699 0.007625 0
0.000241116 0.008 0
0.000284049 0.007975 0
0.000284072 0.00802501 0
0.000372273 0.00927432 0
0.000329932 0.00924924 0
0.000371056 0.00922492 0
4.12395e-05 0.00882452 0
4.12395e-05 0.00887452 0
4.33013e-05 0.009725 0
4.33013e-05 0.009775 0
4.33013e-05 0.003275 0
0.000216506 0.000825 0
0.000216506 0.000875 0
0.000241674 0.00840066 0
0.00028423 0.00837566 0
0.000284581 0.00842499 0
8.56399e-05 0.00979979 0
8.66025e-05 0.0071 0
4.33013e-05 0.007125 0
4.33013e-05 0.007075 0
4.2292e-05 0.00187504 0
8.35314e-05 0.00190052 0
4.12395e-05 0.00192548 0
0.000456699 0.006525 0
0.000413397 0.0065 0
0.000456699 0.006475 0
4.33013e-05 0.007525 0
4.33013e-05 0.007575 0
0.000213884 0.00967583 0
0.000256919 0.00970464 0
0.000214825 0.0097291 0
0.000456699 0.007725 0
8.35314e-05 0.00689948 0
4.2292e-05 0.00692496 0
4.12395e-05 0.00687452 0
0.00032724 0.00394982 0
0.000283494 0.007325 0
0.000240192 0.0073 0
0.000456715 0.001725 0
0.000456699 0.001675 0
0.000456752 0.00277497 0
8.66025e-05 0.0076 0
4.33013e-05 0.007625 0
0.000370096 0.006525 0
0.000370096 0.006575 0
0.000173056 0.00124998 0
0.000215464 0.00122485 0
0.000215613 0.00127487 0
0.000284435 0.00692493 0
0.000326795 0.00695 0
0.000284435 0.00697493 0
0.000456699 0.009675 0
0.000456699 0.009625 0
0.000410121 0.00979378 0
0.000452024 0.00982153 0
4.33013e-05 0.002325 0
4.33013e-05 0.002375 0
0.000259808 0.0009 0
0.000216506 0.000925 0
4.26529e-05 0.00142411 0
4.33013e-05 0.001375 0
0.000413397 0.0075 0
0.000456699 0.007475 0
0.000456699 0.007525 0
4.33013e-05 0.000725 0
0.000170028 0.00914948 0
0.000128886 0.00917496 0
0.000413397 0.0066 0
0.000456699 0.006575 0
0.000456699 0.006625 0
4.33013e-05 0.007325 0
4.33013e-05 0.007375 0
0.000241092 0.0079 0
0.000284035 0.007875 0
0.000284037 0.007925 0
0.000327133 0.00374979 0
4.2292e-05 0.00697496 0
0.000370096 0.006475 0
4.33013e-05 0.001025 0
4.33013e-05 0.001075 0
0.000456699 0.006675 0
0.00024204 0.00889907 0
0.000284861 0.00887417 0
0.000284102 0.00892468 0
0.00037033 0.00592487 0
0.000326995 0.00594989 0
0.000456699 0.007025 0
0.000413397 0.007 0
0.000456699 0.006975 0
8.66025e-05 0.0095 0
4.33013e-05 0.009525 0
0.000240641 0.0051 0
0.000283584 0.005075 0
0.000284033 0.005125 0
0.000456719 0.00827502 0
0.000456719 0.00822502 0
4.33013e-05 0.007175 0
8.66025e-05 0.0023 0
4.33013e-05 0.002275 0
0.000242074 0.00830146 0
0.000284932 0.0082759 0
0.000284182 0.00832577 0
0.000242527 0.00569914 0
0.000285064 0.00567425 0
0.000284618 0.00572479 0
8.66025e-05 0.0052 0
4.33013e-05 0.005225 0
4.33013e-05 0.005175 0
0.000456732 0.00477498 0
0.000456699 0.004825 0
4.33013e-05 0.009275 0
4.33013e-05 0.009325 0
0.000456699 0.002975 0
0.000456699 0.002925 0
0.000456699 0.006775 0
0.000456699 0.006725 0
4.33013e-05 0.006425 0
4.33013e-05 0.006475 0
0.000326795 0.00705 0
0.000370096 0.007025 0
0.000370096 0.007075 0
8.66025e-05 0.001 0
4.33013e-05 0.000975 0
0.000285024 0.00882414 0
0.000283494 0.007025 0
0.000283494 0.007075 0
0.000411211 0.00020595 0
0.000458876 0.000227169 0
0.000456768 0.00357495 0
0.000456699 0.003625 0
0.000456699 0.005675 0
0.000456699 0.005725 0
0.000413397 0.0064 0
0.000370096 0.006425 0
0.000242134 0.00879847 0
0.000284361 0.00877405 0
0.000456699 0.006375 0
0.000456699 0.006325 0
4.2292e-05 0.00182504 0
8.35314e-05 0.00429948 0
4.2292e-05 0.00432496 0
4.12395e-05 0.00427452 0
0.000370096 0.006625 0
0.000413397 0.0067 0
4.31833e-05 0.00967502 0
8.64845e-05 0.00970002 0
0.000241612 0.00269983 0
0.000284149 0.00267494 0
0.000284619 0.00272479 0
4.33013e-05 0.005125 0
8.35314e-05 0.00479948 0
4.2292e-05 0.00482496 0
4.12395e-05 0.00477452 0
4.32765e-05 0.001125 0
0.000284519 0.00847499 0
0.000456699 0.004675 0
0.000456699 0.005575 0
0.000456699 0.005525 0
4.12395e-05 0.00682452 0
4.33013e-05 0.006225 0
4.33013e-05 0.006275 0
4.2292e-05 0.00602496 0
4.2292e-05 0.00607496 0
4.33013e-05 0.005325 0
4.33013e-05 0.005375 0
4.33013e-05 0.004425 0
4.33013e-05 0.004475 0
8.66025e-05 0.0025 0
4.33013e-05 0.002525 0
4.33013e-05 0.002475 0
0.000129904 0.000975 0
0.000129904 0.001025 0
0.000456748 0.00332499 0
0.000456699 0.003275 0
4.00321e-05 0.00362367 0
4.00321e-05 0.00367367 0
4.12395e-05 0.00197548 0
4.33013e-05 0.001725 0
4.33013e-05 0.001775 0
0.000414066 0.00959996 0
0.000457367 0.00957496 0
8.65777e-05 0.0012 0
0.000129755 0.00122498 0
8.66025e-05 0.0077 0
4.33013e-05 0.007725 0
4.33013e-05 0.007675 0
8.35314e-05 0.00599948 0
4.12395e-05 0.00597452 0
4.33013e-05 0.004925 0
4.33013e-05 0.004975 0
4.12395e-05 0.00422452 0
0.000241092 0.0032 0
0.000284036 0.003175 0
0.000284038 0.003225 0
8.66025e-05 0.0074 0
4.33013e-05 0.007425 0
0.000284151 0.00202578 0
0.000327045 0.00205011 0
0.000284174 0.00207567 0
4.17898e-05 0.00892494 0
4.17898e-05 0.00897494 0
0.000456699 0.005375 0
4.2292e-05 0.00307496 0
8.55932e-05 0.00309996 0
4.33013e-05 0.003125 0
4.33013e-05 0.000575 0
0.000283494 0.007425 0
0.000326795 0.00745 0
0.000283494 0.007475 0
0.000456699 0.002875 0
4.2292e-05 0.00302496 0
0.000456699 0.007175 0
0.000456699 0.007125 0
0.000240192 0.0064 0
0.000283494 0.006375 0
0.000283494 0.006425 0
0.000413397 0.0005 0
0.000456699 0.000475 0
0.000456699 0.000725 0
0.000413397 0.0007 0
0.000456699 0.000675 0
4.00321e-05 0.00562367 0
4.00321e-05 0.00567367 0
0.000240641 0.0024 0
0.000283584 0.002375 0
0.000284033 0.002425 0
0.000456699 0.003025 0
4.33013e-05 0.002575 0
0.000129904 0.001275 0
0.000456748 0.00337499 0
0.000456699 0.006175 0
0.000456699 0.006125 0
0.000370096 0.006975 0
0.000370096 0.007475 0
0.000370096 0.007525 0
0.000284421 0.00162567 0
0.000284049 0.001675 0
0.000456768 0.00352495 0
8.66025e-05 0.005 0
4.33013e-05 0.005025 0
0.000241539 0.00659988 0
0.000284376 0.00662489 0
0.000201063 0.00412272 0
0.000201374 0.00407335 0
0.00024178 0.00409905 0
0.000227417 0.00995931 0
0.000277417 0.00995931 0
4.33013e-05 0.000475 0
4.33013e-05 0.000525 0
0.000241012 0.0022 0
0.000284315 0.002175 0
0.000283496 0.002225 0
0.000413608 0.00919987 0
0.000456699 0.009225 0
0.000414795 0.00969725 0
8.66025e-05 0.0065 0
4.33013e-05 0.006525 0
0.000456699 0.003475 0
0.000370129 0.005025 0
0.0003269 0.00505 0
0.000456699 0.001075 0
0.000456699 0.001025 0
0.000457367 0.00952496 0
0.000216506 0.000525 0
0.000216506 0.000575 0
4.33013e-05 0.000425 0
0.000129904 0.001325 0
8.66025e-05 0.0013 0
0.00020104 0.00282272 0
0.000201366 0.00277335 0
0.000241756 0.00279905 0
0.000456755 0.00542497 0
4.33013e-05 0.000375 0
0.000216506 0.000425 0
0.000216506 0.000475 0
0.000326795 0.00645 0
0.000243221 0.00159997 0
0.000286548 0.00157564 0
0.000213528 0.00942452 0
0.000214347 0.00947452 0
0.000172386 0.00945 0
8.55932e-05 0.00180004 0
4.33013e-05 0.001325 0
4.33013e-05 0.001275 0
0.00037048 0.00902433 0
0.00037048 0.00897433 0
0.000242454 0.00820086 0
0.00028444 0.00817507 0
0.00028481 0.00822579 0
0.000216058 0.00132422 0
0.000215674 0.00137356 0
0.000172821 0.00134933 0
0.000456699 0.007425 0
4.33013e-05 0.007775 0
8.66025e-05 0.0033 0
4.33013e-05 0.003325 0
0.000370096 0.006925 0
0.000200756 0.00672287 0
0.000201254 0.00667343 0
0.000241459 0.00669922 0
0.000242012 0.00589854 0
0.000284312 0.00587409 0
0.000284895 0.00592422 0
0.000242245 0.0035985 0
0.000284417 0.00357407 0
0.000285149 0.00362417 0
0.000277417 4.06888e-05 0
0.000227417 4.06888e-05 0
0.000283878 0.00677433 0
0.000283878 0.00672433 0
0.000326795 0.00675 0
0.000241806 0.00549904 0
0.000284601 0.00547469 0
0.000284307 0.00552404 0
8.55932e-05 0.00699996 0
4.33013e-05 0.007025 0
4.2292e-05 0.00487496 0
8.55932e-05 0.00489996 0
0.000284248 0.00462405 0
0.000284312 0.00467409 0
0.000241396 0.00299933 0
0.000284713 0.00297433 0
0.000283509 0.003025 0
0.000456699 0.005625 0
0.000456699 0.007375 0
0.000456699 0.007325 0
4.33013e-05 0.005275 0
4.2292e-05 0.00437496 0
0.000326795 0.00665 0
0.000370096 0.006675 0
0.000283509 0.005025 0
0.000242012 0.00469854 0
0.000284895 0.00472422 0
0.000456732 0.00472498 0
8.30292e-05 0.00889947 0
0.000370096 0.007275 0
0.000370096 0.007225 0
0.000285146 0.00562417 0
0.000284633 0.00542479 0
0.000241119 0.00529999 0
0.000284055 0.00527499 0
0.000284079 0.00532498 0
0.000242242 0.0055985 0
0.000284415 0.00557407 0
0.000456699 0.002825 0
0.000241394 0.00599933 0
0.000284695 0.00597433 0
0.000283494 0.006025 0
0.000283494 0.004825 0
0.000283496 0.004875 0
0.000241755 0.00459905 0
0.000284574 0.00457469 0
0.000284625 0.00402479 0
0.000284588 0.00407469 0
0.000242539 0.00369914 0
0.000285071 0.00367425 0
0.000284633 0.00372479 0
0.000241807 0.00349904 0
0.000284602 0.00347469 0
0.000284308 0.00352404 0
0.000413397 0.0076 0
0.000456699 0.007575 0
4.33013e-05 0.002625 0
4.33013e-05 0.002675 0
8.66025e-05 0.0024 0
4.33013e-05 0.002425 0
0.000201064 0.0087227 0
0.000201374 0.00867335 0
0.000241781 0.00869903 0
0.000284033 0.007775 0
0.000284376 0.00667489 0
0.000283494 0.006325 0
0.000370114 0.004975 0
0.000370337 0.00452491 0
0.000370325 0.00447494 0
0.000241119 0.00329999 0
0.000284055 0.00327499 0
0.000284079 0.00332498 0
4.33013e-05 0.005075 0
8.66025e-05 0.0051 0
4.12395e-05 0.00292452 0
4.12395e-05 0.00297452 0
0.000241755 0.00579905 0
0.000284574 0.00577469 0
0.000284248 0.00582405 0
0.000240192 0.005 0
0.000283509 0.004975 0
0.000241118 0.00259999 0
0.000284054 0.00257499 0
0.000284077 0.00262498 0
0.000456699 0.006925 0
0.000456747 0.00887496 0
0.000456699 0.008925 0
0.000415268 0.00949929 0
0.0004579 0.00947433 0
8.35314e-05 0.00299948 0
0.000216506 0.000625 0
0.000216506 0.000675 0
0.000283494 0.006225 0
0.000283494 0.006275 0
0.000285017 0.00422422 0
0.000327119 0.00424989 0
0.000284879 0.00427433 0
8.66025e-05 0.0072 0
4.33013e-05 0.007225 0
0.000284033 0.007825 0
0.000258466 0.00129909 0
0.000240192 0.0049 0
0.000283496 0.004925 0
0.000240641 0.0031 0
0.000283584 0.003075 0
0.000284033 0.003125 0
0.000456699 0.001175 0
0.000456699 0.001125 0
8.66025e-05 0.0053 0
8.55932e-05 0.00439996 0
0.000328444 0.00904856 0
0.000283494 0.006075 0
0.000284602 0.00377469 0
0.000370228 0.00197513 0
0.000326908 0.00195011 0
0.000413397 0.0071 0
0.000370096 0.007125 0
0.000456699 0.000975 0
0.000259808 0.0007 0
0.000216506 0.000725 0
0.000284038 0.004325 0
0.000284054 0.00437499 0
0.000241622 0.00339983 0
0.000284154 0.00337494 0
0.000284633 0.00342479 0
0.000456699 0.000825 0
0.000456715 0.001775 0
0.000456699 0.007975 0
8.55932e-05 0.00609996 0
4.33013e-05 0.006125 0
0.000283509 0.002325 0
0.0003269 0.00235 0
0.000283494 0.007575 0
0.000283494 0.007525 0
0.000326795 0.00755 0
0.000456699 0.003425 0
0.000413397 0.0072 0
0.000456699 0.007225 0
0.000285147 0.00392417 0
0.000285067 0.00397425 0
0.000456699 0.006275 0
0.000456699 0.006825 0
0.000413397 0.0068 0
0.000173205 0.00095 0
0.000370096 0.007175 0
0.000456699 0.006425 0
0.000456699 0.007275 0
0.000456699 0.007775 0
0.000456699 0.008175 0
0.000456699 0.008125 0
0.000456699 0.008375 0
0.000456699 0.008325 0
0.000456699 0.008775 0
0.000456699 0.009275 0
4.33013e-05 0.003375 0
0.000241622 0.00539983 0
0.000284154 0.00537494 0
0.000456699 0.006075 0
4.33013e-05 0.009175 0
4.24825e-05 0.009025 0
4.12395e-05 0.00827548 0
4.33013e-05 0.008025 0
4.33013e-05 0.008075 0
4.33013e-05 0.007475 0
4.33013e-05 0.006575 0
4.33013e-05 0.006325 0
4.33013e-05 0.006375 0
4.33013e-05 0.002225 0
0.000326998 0.00524999 0
0.000241394 0.00479933 0
0.000284696 0.00477433 0
0.000284249 0.00282405 0
0.000284315 0.00287409 0
0.000326795 0.00715 0
0.000456699 0.001625 0
0.000452024 0.00987153 0
8.66025e-05 0.0075 0
8.66025e-05 0.0063 0
4.33013e-05 0.001225 0
4.33013e-05 0.000775 0
4.23386e-05 0.000125212 0
0.00024109 0.0078 0
0.000456755 0.00547497 0
0.000456699 0.006225 0
8.66025e-05 0.0064 0
4.20998e-05 0.00152433 0
4.20998e-05 0.00157433 0
0.000370096 0.006725 0
0.000255567 0.00139832 0
0.00021233 0.00142343 0
0.000284307 0.00382404 0
0.000284416 0.00387407 0
0.000284597 0.00182508 0
0.000284439 0.00187507 0
0.000283494 0.007175 0
0.000283494 0.007125 0
0.000240192 0.0071 0
0.000458876 0.000277169 0
0.000456699 0.000425 0
4.33013e-05 0.009575 0
4.12395e-05 0.00592452 0
8.47324e-05 0.00159929 0
4.26326e-05 0.00162496 0
0.000370392 0.00422486 0
0.00037039 0.00417485 0
0.000242015 0.00289854 0
0.000284901 0.00292422 0
0.000284038 0.002525 0
0.000241116 0.0017 0
0.000284072 0.00172501 0
0.000240637 0.0076 0
0.000241584 0.00849999 0
0.000284079 0.00852498 0
0.000284036 0.005175 0
0.000456699 0.007075 0
0.000456715 0.008075 0
4.09013e-05 0.008525 0
4.09013e-05 0.008575 0
0.000284618 0.00452479 0
0.000327111 0.0045498 0
0.000242122 0.00419854 0
0.000284363 0.00417409 0
0.00028445 0.002125 0
0.000284151 0.00857494 0
0.000284125 0.00807501 0
0.000456699 0.001825 0
0.000284038 0.005225 0
0.000241611 0.00449983 0
0.000284148 0.00447494 0
0.000456699 0.006875 0
0.000284597 0.00812508 0
0.000284759 0.00682422 0
0.000241842 0.00679856 0
0.000241806 0.00379904 0
0.000459152 0.001475 0
0.000459152 0.001425 0
0.000284276 0.00412405 0
8.55932e-05 0.00810004 0
0.000327171 0.00414974 0
0.000216506 0.000375 0
0.000370358 0.00587484 0
0.000240192 0.0075 0
0.000413397 0.0073 0
0.000370096 0.006775 0
0.000326813 0.00495 0
0.000284036 0.002475 0
0.000370096 0.007575 0
0.000201089 0.00352271 0
0.000201384 0.00347335 0
0.000240192 0.0023 0
0.000283509 0.002275 0
4.33013e-05 0.007925 0
4.33013e-05 0.007975 0
0.000259808 0.0005 0
0.000284277 0.00872403 0
0.000284588 0.00867468 0
0.000327131 0.00584974 0
0.000284575 0.00277469 0
0.000241555 0.00210067 0
0.000241611 0.00180007 0
0.000284125 0.00177501 0
0.000240192 0.0072 0
0.000241134 0.00699993 0
0.000241092 0.0025 0
0.000326812 0.00225 0
0.000129904 0.009475 0
0.000129904 0.009525 0
0.000284077 0.00442498 0
0.000327084 0.00444994 0
0.000283494 0.006125 0
0.000283494 0.006175 0
0.000241935 0.00429933 0
0.000242533 0.00399914 0
8.66025e-05 0.0073 0
4.33013e-05 0.007275 0
0.000298723 0.00127339 0
0.000299168 0.00132274 0
0.000242047 0.00200146 0
0.000284918 0.00197591 0
8.66025e-05 0.0062 0
4.33013e-05 0.006175 0
0.000201038 0.00462272 0
0.000201365 0.00457335 0
8.66025e-05 0.008 0
0.000456715 0.008025 0
0.000413397 0.0011 0
4.12395e-05 0.00472452 0
0.000201089 0.00552271 0
0.000201383 0.00547335 0
0.000201089 0.00382271 0
0.000201384 0.00377335 0
0.000284805 0.00192579 0
0.000242449 0.00190086 0
0.000413397 0.0069 0
8.66025e-05 0.0026 0
0.000216506 0.000775 0
0.000259808 0.0008 0
0.000240192 0.0063 0
4.00321e-05 0.00392367 0
4.00321e-05 0.00397367 0
0.000240192 0.0062 0
8.66025e-05 0.0092 0
4.33013e-05 0.007825 0
4.33013e-05 0.007875 0
0.000242244 0.0038985 0
0.000456747 0.00882496 0
0.000211949 0.000219672 0
0.000240192 0.0061 0
0.000201038 0.00582272 0
0.000201365 0.00577335 0
0.000240192 0.0074 0
0.000283494 0.007375 0
0.000456699 0.008525 0
0.000201207 0.00212644 0
0.000200931 0.00207711 0
4.32765e-05 0.001175 0
0.000216035 0.00112499 0
0.000215886 0.00117497 0
0.000457571 0.00157578 0
8.66025e-05 0.0078 0
0.000456699 0.000775 0
0.000241617 0.00859983 0
0.000284625 0.00862479 0
0.000241092 0.0052 0
0.000259808 0.0006 0
0.000370096 0.007425 0
4.26326e-05 0.00167496 0
0.000201323 0.00842644 0
0.000200973 0.00837711 0
0.000211285 0.00977984 0
0.000168249 0.00975104 0
0.000370114 0.002275 0
0.000370096 0.006825 0
0.000241118 0.00439999 0
8.59339e-05 0.00169996 0
0.000413397 0.0008 0
0.000370096 0.007325 0
0.000284759 0.00687422 0
0.000242399 0.00689916 0
0.000456723 0.008475 0
4.33013e-05 0.009225 0
0.000258443 0.00119986 0
0.000370096 0.006875 0
0.000259808 0.0004 0
0.000241612 0.00810007 0
0.000456723 0.008425 0
0.000370096 0.007375 0
0.000413397 0.0074 0
0.000413397 0.001 0
0.000457571 0.00152578 0
0.000416723 0.00150078 0
0.000129078 0.00967517 0
0.000129196 0.00972515 0
0.000327243 0.00894922 0
0.000284422 0.00897413 0
0.000258891 0.00109999 0
0.000326795 0.00735 0
4.26529e-05 0.00147411 0
0.000413397 0.0004 0
0.000456699 0.000375 0
8.42723e-05 0.00899994 0
0.000326795 0.00685 0
8.47527e-05 0.00149845 0
8.66025e-05 0.0079 0
0.000456699 0.000325 0
0.000125656 0.00977589 0
0.000415575 0.000302169 0
0.000370254 0.00202513 0
0.000370129 0.002325 0
0.000414345 0.00929911 0
0.000373221 0.00932343 0
4.31833e-05 0.00962502 0
0.000457646 0.00932411 0
8.64845e-05 0.00960002 0
0.000214117 0.00952506 0
0.00021366 0.0095752 0
0.000172748 0.00955014 0
0.000129447 0.00957514 0
0.000255503 0.00960074 0
0.000214135 0.00962583 0
0.00017204 0.00965029 0
0.000129329 0.00962517 0
0.000255259 0.00949958 0
0.000323802 0.00996024 0
0.000373802 0.00996024 0
0.000179028 4.69345e-05 0
0.000129028 4.69345e-05 0
0.000373481 4.04044e-05 0
0.000323481 4.04044e-05 0
0.000129035 0.00995297 0
0.000179035 0.00995297 0
0.000289388 0.00152439 0
0.000248786 0.00149907 0
0.000206456 0.00152346 0
0.000209894 0.00147258 0
0.000120604 0.00367286 0
0.000120483 0.00362295 0
0.000120725 0.00672308 0
0.000120887 0.0066733 0
0.000379219 0.00132313 0
0.000379098 0.00127327 0
0.000120602 0.00397286 0
0.000120483 0.00392295 0
0.0001206 0.00567286 0
0.000120483 0.00562295 0
0.000120699 0.00582301 0
0.0001204 0.00577304 0
0.000120709 0.00837689 0
0.000120529 0.00842668 0
0.000120751 0.00207689 0
0.000120906 0.00212668 0
0.000120573 0.00552288 0
0.000120955 0.00547326 0
0.000120791 0.00282305 0
0.000120945 0.00277326 0
0.00012079 0.00462305 0
0.000120945 0.00457326 0
0.000120573 0.00352288 0
0.000120955 0.00347326 0
0.000120708 0.00412301 0
0.000120405 0.00407304 0
0.000120482 0.00382284 0
0.00012041 0.00377304 0
0.000120732 0.00872304 0
0.00012055 0.00867326 0
0.000295575 0.00947434 0
0.000294771 0.00942407 0
0.000122445 0.00477423 0
0.00012185 0.00472395 0
0.000122446 0.00297423 0
0.000121851 0.00292395 0
0.000122537 0.00427423 0
0.000121869 0.00422395 0
0.000122445 0.00597423 0
0.00012185 0.00592395 0
0.000209021 0.00912423 0
0.000207813 0.00907417 0
0.000122607 0.0068742 0
0.000121814 0.00682396 0
0.000122636 0.0019258 0
0.00012185 0.00197604 0
0.000122623 0.0082258 0
0.000121858 0.00827604 0
0.000204913 0.0015746 0
0.000122471 0.00887418 0
0.000121871 0.00882394 0
0.000330588 0.00155009 0
0.000374285 0.0015252 0
0.000374672 0.00937366 0
0.000459386 0.00122475 0
0.000201054 0.00677377 0
0.000201367 0.00877361 0
4.06121e-05 0.00662476 0
0.000201324 0.00587363 0
0.000298248 0.0013736 0
4.00755e-05 0.00572453 0
4.06218e-05 0.00542475 0
0.000201206 0.00557348 0
4.02211e-05 0.00862475 0
0.000170001 0.00144782 0
0.00020128 0.00832623 0
4.06203e-05 0.00452475 0
4.02181e-05 0.00847524 0
0.000201324 0.00467363 0
4.06148e-05 0.00217524 0
4.00762e-05 0.00402453 0
0.000126435 0.0014726 0
0.000201364 0.00417363 0
0.000201251 0.00202623 0
4.00769e-05 0.00372453 0
0.000201207 0.00387348 0
0.000201207 0.00357348 0
4.06218e-05 0.00342475 0
4.06204e-05 0.00272475 0
0.000201326 0.00287363 0
0.000287151 0.00902398 0
0.000211915 0.00937473 0
0.000253876 0.00939925 0
0.000297303 0.00122487 0
0.000338005 0.00124852 0
0.00020225 0.00847514 0
0.000161549 0.00845158 0
0.000161983 0.00664854 0
0.000202686 0.00662489 0
4.04502e-05 0.00677454 0
8.16896e-05 0.00679907 0
8.16374e-05 0.00830093 0
4.03979e-05 0.00832545 0
4.04035e-05 0.00877453 0
8.1643e-05 0.00879906 0
4.0375e-05 0.0058745 0
8.16145e-05 0.00589902 0
0.000418659 0.00139961 0
0.000459507 0.00137461 0
0.000124173 0.009025 0
0.000166133 0.00904952 0
0.00016204 0.00544851 0
0.000202758 0.00542484 0
0.000161047 0.00864821 0
0.000201763 0.00862454 0
4.02396e-05 0.00557437 0
8.02716e-05 0.00559804 0
0.000160893 0.0057477 0
0.000201609 0.00572403 0
4.04658e-05 0.00467454 0
8.17053e-05 0.00469906 0
0.000162032 0.00454851 0
0.000202748 0.00452484 0
4.0379e-05 0.0041745 0
8.16185e-05 0.00419902 0
8.16989e-05 0.00200093 0
4.04594e-05 0.00202545 0
4.01488e-05 0.00387433 0
8.01809e-05 0.003898 0
0.000160899 0.0040477 0
0.000201615 0.00402403 0
0.000160905 0.0037477 0
0.000201623 0.00372403 0
4.02397e-05 0.00357437 0
8.02718e-05 0.00359804 0
0.000162032 0.00274851 0
0.000202748 0.00272484 0
0.000162041 0.00344851 0
0.000202758 0.00342484 0
0.000202623 0.002175 0
0.000161999 0.00215144 0
4.04659e-05 0.00287454 0
8.17054e-05 0.00289906 0
0.000301219 0.00991955 0
0.000206445 8.76233e-05 0
0.000300898 8.10932e-05 0
0.000206452 0.00991229 0
0.000463397 8.66025e-05 0
0.000463397 3.66025e-05 0
0.000413397 3.66025e-05 0
0.000463397 0.0099634 0
0.000463397 0.0099134 0
3.66025e-05 3.66025e-05 0
3.66025e-05 8.66025e-05 0
8.66025e-05 3.66025e-05 0
0.000413397 0.0099634 0
3.66025e-05 0.0099134 0
3.66025e-05 0.0099634 0
8.66025e-05 0.0099634 0
0.000293158 0.00937427 0
0.000377678 0.00122475 0
0.000121024 0.00677398 0
0.000122319 0.00662476 0
0.000121456 0.00847538 0
0.00020506 0.00902465 0
0.0003783 0.00137398 0
0.000120986 0.00587393 0
0.000120644 0.00572372 0
0.000120939 0.00862446 0
0.000121017 0.00832602 0
0.00012069 0.00557365 0
0.000121035 0.00877395 0
0.000122329 0.00542475 0
0.000121076 0.00467397 0
0.000122328 0.00452475 0
0.000121009 0.00417393 0
0.000120646 0.00402372 0
0.00012107 0.00202602 0
0.0001206 0.00387361 0
0.000120649 0.00372372 0
0.000122329 0.00342475 0
0.000120691 0.00357365 0
0.000122322 0.00217524 0
0.000122328 0.00272475 0
0.000121077 0.00287397 0
0.000332601 0.00934887 0
0.000160849 0.00674798 0
0.000416085 0.00119975 0
8.39134e-05 0.00659976 0
0.000338505 0.00134789 0
8.11223e-05 0.00859975 0
0.000160935 0.00584794 0
8.01075e-05 0.0056982 0
0.00016093 0.008352 0
0.000244011 0.00899944 0
0.000160784 0.00554779 0
8.3923e-05 0.00539975 0
0.000160961 0.00874793 0
8.11194e-05 0.00850024 0
0.000160935 0.00464794 0
8.39216e-05 0.00449975 0
8.01082e-05 0.0039982 0
0.000160958 0.00414794 0
0.000160902 0.002052 0
8.0109e-05 0.0036982 0
8.39161e-05 0.00220024 0
0.000160784 0.00384779 0
8.3923e-05 0.00339975 0
0.000160784 0.00354779 0
8.39216e-05 0.00269975 0
0.000160936 0.00284794 0
0.0003798 0.00975963 0
0.000380432 0.00024018 0
0.000161955 0.00854985 0
0.000121619 0.00857471 0
0.000122139 0.00852514 0
0.000202331 0.00897479 0
0.000162922 0.00894966 0
0.000201873 0.00892445 0
0.000163406 0.00655 0
0.000125009 0.006575 0
0.000125 0.006525 0
0.000374991 0.001175 0
0.000336594 0.00115 0
0.000375 0.001125 0
0.000163406 0.00535 0
0.000125009 0.005375 0
0.000125 0.005325 0
0.000291706 0.00932405 0
0.00025118 0.00929969 0
0.000290623 0.00927429 0
0.000163393 0.00444999 0
0.000125009 0.004475 0
0.000124987 0.00442499 0
0.000125009 0.002225 0
0.000163407 0.00225 0
0.000125001 0.002275 0
0.000163406 0.00335 0
0.000125009 0.003375 0
0.000125 0.003325 0
0.000163406 0.00265 0
0.000125009 0.002675 0
0.000125 0.002625 0
0.000210163 0.00917467 0
0.000249626 0.00919967 0
0.000210634 0.00922492 0
0.000202244 0.007725 0
0.00020224 0.007675 0
0.000376611 0.00972041 0
0.000375213 0.00967316 0
0.000125 0.007625 0
0.000163397 0.00765 0
0.000125 0.007675 0
0.00021066 0.00927496 0
0.000125 0.007225 0
0.000163397 0.00725 0
0.000125 0.007275 0
0.000288935 0.00917463 0
0.000289406 0.00922489 0
0.00020224 0.007625 0
0.000124933 0.00702493 0
0.000163331 0.00704993 0
0.000125 0.007075 0
0.000375 0.000925 0
0.000375 0.000875 0
0.000201795 0.007225 0
0.000201795 0.007275 0
0.000201728 0.00702493 0
0.000201795 0.007075 0
0.000163397 0.00785 0
0.000125 0.007875 0
0.000125 0.007825 0
0.000201795 0.006475 0
0.000163397 0.00645 0
0.000201795 0.006425 0
0.000125 0.006475 0
0.000125 0.006425 0
0.000336603 0.00055 0
0.000375 0.000525 0
0.000375 0.000575 0
0.000336603 0.00075 0
0.000375 0.000725 0
0.000375 0.000775 0
0.000125 0.007375 0
0.000125 0.007425 0
0.000125 0.007575 0
0.000298205 0.000525 0
0.000298205 0.000575 0
0.000337464 0.000351896 0
0.000375861 0.000326896 0
0.000375 0.000375 0
0.000202259 0.006525 0
0.000163397 0.00745 0
0.000125 0.007475 0
0.000123924 0.00697489 0
0.000298205 0.000725 0
0.000298205 0.000775 0
0.000201795 0.007125 0
0.000375 0.001075 0
0.000336603 0.00105 0
0.000375 0.001025 0
0.000163397 0.00625 0
0.000201795 0.006225 0
0.000201795 0.006275 0
0.000336603 0.00085 0
0.000375 0.000825 0
0.000202244 0.007875 0
0.000202244 0.007825 0
0.000125 0.006225 0
0.000125 0.006275 0
0.000125 0.007175 0
0.000125 0.006375 0
0.000163098 0.0081504 0
0.000202757 0.00812514 0
0.000202426 0.00817539 0
0.000125 0.007525 0
0.000125 0.007725 0
0.000202405 0.00692461 0
0.000163397 0.00755 0
0.000201795 0.007325 0
0.000201795 0.006325 0
0.000125 0.006175 0
0.000162904 0.00604971 0
0.000201302 0.00602471 0
0.000201795 0.006075 0
0.000375198 0.00952477 0
0.000125 0.007325 0
0.000201795 0.006375 0
0.000201795 0.007525 0
0.000201795 0.007475 0
0.000123659 0.00692464 0
0.000125 0.007125 0
0.000297759 0.001075 0
0.000297734 0.00112499 0
0.000123498 0.00602467 0
0.000123991 0.00607496 0
0.000297759 0.001025 0
0.000201795 0.007425 0
0.000124007 0.00812511 0
0.000123676 0.00817536 0
0.000125 0.006325 0
0.000163397 0.00775 0
0.000125 0.007775 0
0.000201795 0.007375 0
0.000201795 0.006125 0
0.000125 0.006125 0
0.000374511 0.00962506 0
0.00037518 0.00957502 0
0.000201795 0.007175 0
0.000335643 0.00954987 0
0.000295326 0.00957512 0
0.000295345 0.00952487 0
0.000201795 0.006175 0
0.00020267 0.00697486 0
0.000201795 0.007575 0
0.000296503 0.00967384 0
0.000297444 0.00972711 0
0.000202244 0.007775 0
0.000162999 0.00694961 0
0.000163397 0.00615 0
0.000375 0.000975 0
0.000295801 0.00962574 0
0.000125 0.007925 0
0.000163397 0.00635 0
0.000298205 0.000825 0
0.000298205 0.000875 0
0.000202268 0.008025 0
0.000202246 0.007975 0
0.000298205 0.000975 0
0.000202284 0.00807508 0
0.000163413 0.00805007 0
0.000163397 0.00715 0
0.000163397 0.00735 0
0.000125 0.007975 0
0.000125 0.008025 0
0.000298205 0.000925 0
0.000123022 0.0089246 0
0.000375 0.000625 0
0.000299066 0.000326896 0
0.000298205 0.000375 0
0.000202246 0.007925 0
0.000298205 0.000675 0
0.000163397 0.00525 0
0.000202246 0.005225 0
0.000202246 0.005275 0
0.00020227 0.00532499 0
0.000125 0.005225 0
0.000125 0.005275 0
0.000125016 0.00807507 0
0.000202244 0.005175 0
0.000202244 0.005125 0
0.000201795 0.005075 0
0.000125 0.005175 0
0.000163397 0.00515 0
0.000125 0.005125 0
0.000125 0.005075 0
0.000375 0.000675 0
0.000163397 0.00495 0
0.000201795 0.004925 0
0.000201795 0.004975 0
0.000163397 0.00505 0
0.000201795 0.005025 0
0.000125 0.005025 0
0.000163397 0.00795 0
0.000125 0.004975 0
0.000123991 0.00487496 0
0.000125 0.004925 0
0.000201795 0.004875 0
0.000201302 0.00482471 0
0.00016407 0.00164956 0
0.000124464 0.00167489 0
0.000124872 0.00162458 0
0.000123498 0.00482467 0
0.000162904 0.00484971 0
0.000202378 0.00167493 0
0.000202786 0.00162463 0
0.000298205 0.000475 0
0.000375 0.000425 0
0.000123978 0.00437495 0
0.000123589 0.00432467 0
0.000162983 0.0043497 0
0.000336603 0.00095 0
0.000202401 0.00172493 0
0.000202257 0.00442498 0
0.000202233 0.00437499 0
0.000201844 0.00432471 0
0.000202438 0.00187539 0
0.000163186 0.00185033 0
0.000202831 0.00182507 0
0.000202359 0.00177501 0
0.00016362 0.00174994 0
0.000123689 0.00187537 0
0.000124081 0.00182505 0
0.00012509 0.00177501 0
0.000125133 0.00172493 0
0.000298205 0.000625 0
0.000336326 0.00964822 0
0.000336603 0.00065 0
0.000163397 0.00325 0
0.000202246 0.003225 0
0.000202246 0.003275 0
0.000298801 0.000273092 0
0.000125 0.003225 0
0.000125 0.003275 0
0.000375 0.000475 0
0.000201795 0.002375 0
0.000163399 0.00235 0
0.000201796 0.002325 0
0.000125001 0.002325 0
0.000201796 0.002275 0
0.000125 0.002375 0
0.000202244 0.002425 0
0.000123498 0.00302467 0
0.000162905 0.00304971 0
0.000123991 0.00307496 0
0.000202244 0.003175 0
0.000125 0.003125 0
0.000202246 0.002575 0
0.000163397 0.00255 0
0.000202246 0.002525 0
0.000125 0.003175 0
0.000201302 0.00302471 0
0.000201795 0.003075 0
0.000202244 0.002475 0
0.000163397 0.00245 0
0.00020227 0.00332499 0
0.000125 0.002575 0
0.000125 0.002525 0
0.000125 0.002475 0
0.000125 0.002425 0
0.00020227 0.00262499 0
0.000202244 0.003125 0
0.000163397 0.00315 0
0.000298205 0.000425 0
0.000378038 0.000279065 0
0.000336603 0.00045 0
0.00012348 0.00897494 0
0.000202268 0.006575 0
0.000297725 0.00117499 0
0.000211743 0.00932472 0
0.000202279 0.00537499 0
0.000202278 0.00447499 0
0.000201803 0.002225 0
0.000202279 0.00337499 0
0.000202278 0.00267499 0
0.000201809 0.00852513 0
0.000201289 0.0085747 0
0.00028046 0.00988089 0
0.000280577 0.000119296 0
0.000244169 0.000198759 0
0.000243461 0.00980139 0
0.000241948 0.00988175 0
0.000241948 0.000118251 0
0.000267574 0.00984401 0
0.000281974 0.00980053 0
0.000267691 0.00015617 0
0.000282798 0.000199804 0
0.000115637 0.00991637 0
0.000387199 0.00992364 0
0.000386878 7.70069e-05 0
0.000115631 8.35371e-05 0
7.89411e-05 0.00988819 0
0.000415733 0.000115384 0
0.000415422 0.00988493 0
7.89411e-05 0.000111814 0
0.000300634 0.00976633 0
0.000301194 0.000234208 0
0.000340217 0.00973554 0
0.000340718 0.000264908 0
