167
417
999
0 1 2 6 0 4 5 
1 1 2 6 4 1 6 
2 1 2 7 1 7 46 
3 1 2 7 7 8 47 
4 1 2 7 8 9 48 
5 1 2 7 9 10 49 
6 1 2 7 10 11 50 
7 1 2 7 11 12 51 
8 1 2 7 12 13 52 
9 1 2 7 13 14 53 
10 1 2 7 14 15 54 
11 1 2 7 15 16 55 
12 1 2 7 16 17 56 
13 1 2 7 17 18 57 
14 1 2 7 18 19 58 
15 1 2 7 19 20 59 
16 1 2 7 20 21 60 
17 1 2 7 21 22 61 
18 1 2 7 22 23 62 
19 1 2 7 23 24 63 
20 1 2 7 24 25 64 
21 1 2 7 25 26 65 
22 1 2 7 26 27 66 
23 1 2 7 27 28 67 
24 1 2 7 28 29 68 
25 1 2 7 29 30 69 
26 1 2 7 30 31 70 
27 1 2 7 31 32 71 
28 1 2 7 32 33 72 
29 1 2 7 33 34 73 
30 1 2 7 34 35 74 
31 1 2 7 35 36 75 
32 1 2 7 36 37 76 
33 1 2 7 37 38 77 
34 1 2 7 38 39 78 
35 1 2 7 39 40 79 
36 1 2 7 40 41 80 
37 1 2 7 41 42 81 
38 1 2 7 42 43 82 
39 1 2 7 43 44 83 
40 1 2 7 44 45 84 
41 1 2 7 45 2 85 
42 1 2 9 2 86 87 
43 1 2 9 86 3 88 
44 1 2 8 3 89 128 
45 1 2 8 89 90 129 
46 1 2 8 90 91 130 
47 1 2 8 91 92 131 
48 1 2 8 92 93 132 
49 1 2 8 93 94 133 
50 1 2 8 94 95 134 
51 1 2 8 95 96 135 
52 1 2 8 96 97 136 
53 1 2 8 97 98 137 
54 1 2 8 98 99 138 
55 1 2 8 99 100 139 
56 1 2 8 100 101 140 
57 1 2 8 101 102 141 
58 1 2 8 102 103 142 
59 1 2 8 103 104 143 
60 1 2 8 104 105 144 
61 1 2 8 105 106 145 
62 1 2 8 106 107 146 
63 1 2 8 107 108 147 
64 1 2 8 108 109 148 
65 1 2 8 109 110 149 
66 1 2 8 110 111 150 
67 1 2 8 111 112 151 
68 1 2 8 112 113 152 
69 1 2 8 113 114 153 
70 1 2 8 114 115 154 
71 1 2 8 115 116 155 
72 1 2 8 116 117 156 
73 1 2 8 117 118 157 
74 1 2 8 118 119 158 
75 1 2 8 119 120 159 
76 1 2 8 120 121 160 
77 1 2 8 121 122 161 
78 1 2 8 122 123 162 
79 1 2 8 123 124 163 
80 1 2 8 124 125 164 
81 1 2 8 125 126 165 
82 1 2 8 126 127 166 
83 1 2 8 127 0 167 
84 3 2 5 122 123 201 172 162 210 211 212 213 
85 3 2 5 27 183 199 26 214 215 216 66 217 
86 3 2 5 186 21 22 204 218 61 219 220 221 
87 3 2 5 171 200 125 126 222 223 165 224 225 
88 3 2 5 202 188 93 94 226 227 133 228 229 
89 3 2 5 203 187 100 101 230 231 140 232 233 
90 3 2 5 205 185 105 106 234 235 145 236 237 
91 3 2 5 30 182 185 29 238 239 240 69 241 
92 3 2 5 35 178 187 34 242 243 244 74 245 
93 3 2 5 42 168 188 41 246 247 248 81 249 
94 3 2 5 32 179 197 31 250 251 252 71 253 
95 3 2 5 39 173 196 38 254 255 256 78 257 
96 3 2 5 37 176 191 36 258 259 260 76 261 
97 3 2 5 116 117 193 177 156 262 263 264 265 
98 3 2 5 120 121 194 174 160 266 267 268 269 
99 3 2 5 118 119 192 175 158 270 271 272 273 
100 3 2 5 114 115 195 180 154 274 275 276 277 
101 3 2 5 44 169 190 43 278 279 280 83 281 
102 3 2 5 109 110 198 184 149 282 283 284 285 
103 3 2 5 44 189 90 169 286 287 288 278 289 
104 3 2 5 10 170 200 9 290 291 292 49 293 
105 3 2 5 111 112 204 181 151 294 295 296 297 
106 3 2 5 91 92 168 190 131 298 299 300 301 
107 3 2 5 21 186 180 20 218 302 303 60 304 
108 3 2 5 96 97 176 196 136 305 306 307 308 
109 3 2 5 98 99 178 191 138 309 310 311 312 
110 3 2 5 15 192 174 14 313 314 315 54 316 
111 3 2 5 13 194 172 12 317 318 319 52 320 
112 3 2 5 17 193 175 16 321 322 323 56 324 
113 3 2 5 19 195 177 18 325 326 327 58 328 
114 3 2 5 103 104 182 197 143 329 330 331 332 
115 3 2 5 24 198 181 23 333 334 335 63 336 
116 3 2 5 123 124 170 201 163 337 338 210 339 
117 3 2 5 26 199 184 25 216 340 341 65 342 
118 3 2 5 94 95 173 202 134 343 344 228 345 
119 3 2 5 101 102 179 203 141 346 347 232 348 
120 3 2 5 106 107 183 205 146 349 350 236 351 
121 3 2 5 126 127 207 171 166 352 353 224 354 
122 3 2 5 90 189 206 89 287 355 356 129 357 
123 3 2 5 205 28 29 185 358 68 240 234 359 
124 3 2 5 180 186 113 114 302 360 153 276 361 
125 3 2 5 203 33 34 187 362 73 244 230 363 
126 3 2 5 182 30 31 197 238 70 252 330 364 
127 3 2 5 181 198 110 111 334 282 150 296 365 
128 3 2 5 202 40 41 188 366 80 248 226 367 
129 3 2 5 177 195 115 116 326 274 155 264 368 
130 3 2 5 178 35 36 191 242 75 260 310 369 
131 3 2 5 175 193 117 118 322 262 157 272 370 
132 3 2 5 174 192 119 120 314 270 159 268 371 
133 3 2 5 176 37 38 196 258 77 256 306 372 
134 3 2 5 172 194 121 122 318 266 161 212 373 
135 3 2 5 168 42 43 190 246 82 280 299 374 
136 3 2 5 184 199 108 109 340 375 148 284 376 
137 3 2 5 171 8 9 200 377 48 292 222 378 
138 3 2 5 170 10 11 201 290 50 379 338 380 
139 3 2 5 173 39 40 202 254 79 366 344 381 
140 3 2 5 179 32 33 203 250 72 362 347 382 
141 3 2 5 186 204 112 113 220 294 152 360 383 
142 3 2 5 183 27 28 205 214 67 358 350 384 
143 3 2 5 188 168 92 93 247 298 132 227 385 
144 3 2 5 190 169 90 91 279 288 130 300 386 
145 3 2 5 196 173 95 96 255 343 135 307 387 
146 3 2 5 195 19 20 180 325 59 303 275 388 
147 3 2 5 201 11 12 172 379 51 319 211 389 
148 3 2 5 194 13 14 174 317 53 315 267 390 
149 3 2 5 192 15 16 175 313 55 323 271 391 
150 3 2 5 193 17 18 177 321 57 327 263 392 
151 3 2 5 198 24 25 184 333 64 341 283 393 
152 3 2 5 200 170 124 125 291 337 164 223 394 
153 3 2 5 204 22 23 181 219 62 335 295 395 
154 3 2 5 185 182 104 105 239 329 144 235 396 
155 3 2 5 199 183 107 108 215 349 147 375 397 
156 3 2 5 187 178 99 100 243 309 139 231 398 
157 3 2 5 197 179 102 103 251 346 142 331 399 
158 3 2 5 191 176 97 98 259 305 137 311 400 
159 3 2 5 4 207 127 0 401 352 167 5 402 
160 3 2 5 89 206 86 3 356 403 88 128 404 
161 3 2 5 44 45 208 189 84 405 406 286 407 
162 3 2 5 8 171 209 7 377 408 409 47 410 
163 3 2 5 7 209 4 1 409 411 6 46 412 
164 3 2 5 86 208 45 2 413 405 85 87 414 
165 3 2 5 189 208 86 206 406 413 403 355 415 
166 3 2 5 171 207 4 209 353 401 411 408 416 
