417
0 0 0
0.0005 0 0
0.0005 0.01 0
0 0.01 0
0.00025 0 0
0.000125 0 0
0.000375 0 0
0.0005 0.00025 0
0.0005 0.0005 0
0.0005 0.00075 0
0.0005 0.001 0
0.0005 0.00125 0
0.0005 0.0015 0
0.0005 0.00175 0
0.0005 0.002 0
0.0005 0.00225 0
0.0005 0.0025 0
0.0005 0.00275 0
0.0005 0.003 0
0.0005 0.00325 0
0.0005 0.0035 0
0.0005 0.00375 0
0.0005 0.004 0
0.0005 0.00425 0
0.0005 0.0045 0
0.0005 0.00475 0
0.0005 0.005 0
0.0005 0.00525 0
0.0005 0.0055 0
0.0005 0.00575 0
0.0005 0.006 0
0.0005 0.00625 0
0.0005 0.0065 0
0.0005 0.00675 0
0.0005 0.007 0
0.0005 0.00725 0
0.0005 0.0075 0
0.0005 0.00775 0
0.0005 0.008 0
0.0005 0.00825 0
0.0005 0.0085 0
0.0005 0.00875 0
0.0005 0.009 0
0.0005 0.00925 0
0.0005 0.0095 0
0.0005 0.00975 0
0.0005 0.000125 0
0.0005 0.000375 0
0.0005 0.000625 0
0.0005 0.000875 0
0.0005 0.001125 0
0.0005 0.001375 0
0.0005 0.001625 0
0.0005 0.001875 0
0.0005 0.002125 0
0.0005 0.002375 0
0.0005 0.002625 0
0.0005 0.002875 0
0.0005 0.003125 0
0.0005 0.003375 0
0.0005 0.003625 0
0.0005 0.003875 0
0.0005 0.004125 0
0.0005 0.004375 0
0.0005 0.004625 0
0.0005 0.004875 0
0.0005 0.005125 0
0.0005 0.005375 0
0.0005 0.005625 0
0.0005 0.005875 0
0.0005 0.006125 0
0.0005 0.006375 0
0.0005 0.006625 0
0.0005 0.006875 0
0.0005 0.007125 0
0.0005 0.007375 0
0.0005 0.007625 0
0.0005 0.007875 0
0.0005 0.008125 0
0.0005 0.008375 0
0.0005 0.008625 0
0.0005 0.008875 0
0.0005 0.009125 0
0.0005 0.009375 0
0.0005 0.009625 0
0.0005 0.009875 0
0.00025 0.01 0
0.000375 0.01 0
0.000125 0.01 0
0 0.00975 0
0 0.0095 0
0 0.00925 0
0 0.009 0
0 0.00875 0
0 0.0085 0
0 0.00825 0
0 0.008 0
0 0.00775 0
0 0.0075 0
0 0.00725 0
0 0.007 0
0 0.00675 0
0 0.0065 0
0 0.00625 0
0 0.006 0
0 0.00575 0
0 0.0055 0
0 0.00525 0
0 0.005 0
0 0.00475 0
0 0.0045 0
0 0.00425 0
0 0.004 0
0 0.00375 0
0 0.0035 0
0 0.00325 0
0 0.003 0
0 0.00275 0
0 0.0025 0
0 0.00225 0
0 0.002 0
0 0.00175 0
0 0.0015 0
0 0.00125 0
0 0.001 0
0 0.00075 0
0 0.0005 0
0 0.00025 0
0 0.009875 0
0 0.009625 0
0 0.009375 0
0 0.009125 0
0 0.008875 0
0 0.008625 0
0 0.008375 0
0 0.008125 0
0 0.007875 0
0 0.007625 0
0 0.007375 0
0 0.007125 0
0 0.006875 0
0 0.006625 0
0 0.006375 0
0 0.006125 0
0 0.005875 0
0 0.005625 0
0 0.005375 0
0 0.005125 0
0 0.004875 0
0 0.004625 0
0 0.004375 0
0 0.004125 0
0 0.003875 0
0 0.003625 0
0 0.003375 0
0 0.003125 0
0 0.002875 0
0 0.002625 0
0 0.002375 0
0 0.002125 0
0 0.001875 0
0 0.001625 0
0 0.001375 0
0 0.001125 0
0 0.000875 0
0 0.000625 0
0 0.000375 0
0 0.000125 0
0.000250198 0.0089859 0
0.000251581 0.00939066 0
0.000250486 0.000986884 0
0.000254098 0.000416332 0
0.000250206 0.00148846 0
0.000249862 0.00823864 0
0.000250156 0.00198852 0
0.000250171 0.00248853 0
0.000250008 0.00773851 0
0.000250162 0.00298851 0
0.000249979 0.0072377 0
0.000249871 0.00648863 0
0.000250035 0.00348774 0
0.000250194 0.00423867 0
0.00025014 0.0059877 0
0.000249817 0.00523862 0
0.000250148 0.00473851 0
0.000250051 0.00574048 0
0.000250004 0.00374053 0
0.000250001 0.00699049 0
0.000250052 0.00874023 0
0.000252238 0.00967437 0
0.000250379 0.00922682 0
0.000249971 0.00749235 0
0.000250103 0.00224249 0
0.000250105 0.00274249 0
0.000250098 0.00174248 0
0.000250072 0.00324236 0
0.00025003 0.00799251 0
0.000250063 0.00624237 0
0.000250051 0.00449251 0
0.000249999 0.0049925 0
0.000251237 0.000730566 0
0.000250207 0.00124222 0
0.000249945 0.00849291 0
0.000249936 0.00674295 0
0.000250077 0.00399297 0
0.000249943 0.00549294 0
0.000151576 0.00979536 0
0.000152583 0.000225112 0
0.000351094 0.00979494 0
0.000351999 0.000226041 0
0.000125104 0.00124611 0
0.000250206 0.00136534 0
0.000125103 0.00149423 0
0.000125103 0.00137017 0
0.000374909 0.00524431 0
0.000249908 0.00511556 0
0.000375 0.00499625 0
0.000374954 0.00512028 0
0.000375002 0.00374527 0
0.000375038 0.00399649 0
0.00025004 0.00386675 0
0.00037502 0.00387088 0
0.000252668 0.000573449 0
0.000125619 0.000740283 0
0.000127049 0.000458166 0
0.000126334 0.000599224 0
0.000249998 0.00861657 0
0.000125026 0.00874512 0
0.000124972 0.00849646 0
0.000124999 0.00862079 0
0.000249969 0.00686672 0
0.000125001 0.00699524 0
0.000124968 0.00674647 0
0.000124984 0.00687086 0
0.000249997 0.00561671 0
0.000125026 0.00574524 0
0.000124972 0.00549647 0
0.000124999 0.00562086 0
0.00037507 0.00599385 0
0.000250096 0.00586409 0
0.000375026 0.00574524 0
0.000375048 0.00586954 0
0.000374989 0.00724385 0
0.00024999 0.00711409 0
0.000375001 0.00699524 0
0.000374995 0.00711955 0
0.000375099 0.00899295 0
0.000250125 0.00886306 0
0.000375026 0.00874512 0
0.000375062 0.00886903 0
0.000374935 0.00649431 0
0.000249967 0.0063655 0
0.000375032 0.00624619 0
0.000374984 0.00637025 0
0.000374931 0.00824432 0
0.000249946 0.00811557 0
0.000375015 0.00799625 0
0.000374973 0.00812029 0
0.000375004 0.00774425 0
0.00024999 0.00761543 0
0.000374985 0.00749618 0
0.000374995 0.00762022 0
0.000125052 0.00274625 0
0.000250133 0.0028655 0
0.000125081 0.00299426 0
0.000125067 0.00287025 0
0.000125049 0.00174624 0
0.000250127 0.0018655 0
0.000125078 0.00199426 0
0.000125064 0.00187025 0
0.000125051 0.00224625 0
0.000250137 0.00236551 0
0.000125085 0.00249426 0
0.000125068 0.00237025 0
0.000125036 0.00324618 0
0.000250054 0.00336505 0
0.000125017 0.00349387 0
0.000125027 0.00337002 0
0.00037579 0.00944533 0
0.00025098 0.00930874 0
0.00037519 0.00923841 0
0.00037549 0.00934187 0
0.000125025 0.00449626 0
0.000250099 0.00461551 0
0.000125074 0.00474426 0
0.00012505 0.00462026 0
0.000376119 0.00958718 0
0.000126119 0.00958718 0
0.00012579 0.00944533 0
0.000250955 0.00951626 0
0.000375243 0.000993442 0
0.000250862 0.000858725 0
0.000375619 0.000740283 0
0.000375431 0.000866862 0
0.000125038 0.00399649 0
0.000250135 0.00411582 0
0.000125097 0.00424434 0
0.000125068 0.00412041 0
0.000125099 0.00899295 0
0.000250289 0.00910636 0
0.00012519 0.00923841 0
0.000125144 0.00911568 0
0.000250019 0.00361413 0
0.000375017 0.00349387 0
0.00037501 0.00361957 0
0.000125004 0.00774425 0
0.000250019 0.00786551 0
0.000125015 0.00799625 0
0.00012501 0.00787025 0
0.000124989 0.00724385 0
0.000249975 0.00736503 0
0.000124985 0.00749618 0
0.000124987 0.00737001 0
0.000375051 0.00224625 0
0.000250129 0.0021155 0
0.000375078 0.00199426 0
0.000375065 0.00212025 0
0.000375049 0.00174624 0
0.000250152 0.00161547 0
0.000375103 0.00149423 0
0.000375076 0.00162023 0
0.000375052 0.00274625 0
0.000250138 0.00261551 0
0.000375085 0.00249426 0
0.000375069 0.00262025 0
0.000375036 0.00324618 0
0.000250117 0.00311544 0
0.000375081 0.00299426 0
0.000375058 0.00312022 0
0.00012507 0.00599385 0
0.000250102 0.00611503 0
0.000125032 0.00624619 0
0.000125051 0.00612002 0
0.000375025 0.00449626 0
0.000250122 0.00436559 0
0.000375097 0.00424434 0
0.000375061 0.0043703 0
0.000125243 0.000993442 0
0.000250347 0.00111455 0
0.000125173 0.00111978 0
0.000250074 0.00486551 0
0.000375074 0.00474426 0
0.000375037 0.00487025 0
0.000124931 0.00824432 0
0.000249904 0.00836578 0
0.000124952 0.00837039 0
0.000124935 0.00649431 0
0.000249904 0.00661579 0
0.000124952 0.00662039 0
0.000124909 0.00524431 0
0.00024988 0.00536578 0
0.00012494 0.00537039 0
7.62915e-05 0.000237556 0
0.000203341 0.000320722 0
0.00010167 0.000347861 0
0.000201907 0.00973486 0
7.57881e-05 0.00977268 0
0.000100954 0.00967993 0
0.000374972 0.00549647 0
0.000374999 0.00562086 0
0.000125002 0.00374527 0
0.00012501 0.00361957 0
0.000374968 0.00674647 0
0.000374984 0.00687086 0
0.000375051 0.00612002 0
0.000125061 0.0043703 0
0.000374972 0.00849646 0
0.000374999 0.00862079 0
0.000125058 0.00312022 0
0.000374987 0.00737001 0
0.000125069 0.00262025 0
0.000125065 0.00212025 0
0.00037501 0.00787025 0
0.000125076 0.00162023 0
0.000375144 0.00911568 0
0.000125 0.00499625 0
0.000125037 0.00487025 0
0.000377049 0.000458166 0
0.000376334 0.000599224 0
0.000375104 0.00124611 0
0.000375173 0.00111978 0
0.000374952 0.00837039 0
0.000374952 0.00662039 0
0.00012502 0.00387088 0
0.00037494 0.00537039 0
0.000125062 0.00886903 0
0.00012549 0.00934187 0
0.000124973 0.00812029 0
0.000375027 0.00337002 0
0.000375103 0.00137017 0
0.000375064 0.00187025 0
0.000375068 0.00237025 0
0.000375067 0.00287025 0
0.00037505 0.00462026 0
0.000125431 0.000866862 0
0.000375068 0.00412041 0
0.000125048 0.00586954 0
0.000124954 0.00512028 0
0.000124995 0.00711955 0
0.000124984 0.00637025 0
0.000124995 0.00762022 0
0.000201291 0.000112556 0
0.000100646 0.000118778 0
0.000200788 0.00989768 0
0.000100394 0.00988634 0
0.000425547 0.00977247 0
0.000301666 0.00973466 0
0.000400833 0.00967983 0
0.000303049 0.000321187 0
0.000426 0.000238021 0
0.000401524 0.000348093 0
0.000301 0.000113021 0
0.0004005 0.00011901 0
0.000300547 0.00989747 0
0.000400273 0.00988624 0
0.000251227 0.00981617 0
0.00025217 0.000216871 0
