812
708
2828
0 1 1 6 0 4 
1 1 1 6 4 5 
2 1 1 6 5 6 
3 1 1 6 6 7 
4 1 1 6 7 1 
5 1 1 7 1 8 
6 1 1 7 8 9 
7 1 1 7 9 10 
8 1 1 7 10 11 
9 1 1 7 11 12 
10 1 1 7 12 13 
11 1 1 7 13 14 
12 1 1 7 14 15 
13 1 1 7 15 16 
14 1 1 7 16 17 
15 1 1 7 17 18 
16 1 1 7 18 19 
17 1 1 7 19 20 
18 1 1 7 20 21 
19 1 1 7 21 22 
20 1 1 7 22 23 
21 1 1 7 23 24 
22 1 1 7 24 25 
23 1 1 7 25 26 
24 1 1 7 26 27 
25 1 1 7 27 28 
26 1 1 7 28 29 
27 1 1 7 29 30 
28 1 1 7 30 31 
29 1 1 7 31 32 
30 1 1 7 32 33 
31 1 1 7 33 34 
32 1 1 7 34 35 
33 1 1 7 35 36 
34 1 1 7 36 37 
35 1 1 7 37 38 
36 1 1 7 38 39 
37 1 1 7 39 40 
38 1 1 7 40 41 
39 1 1 7 41 42 
40 1 1 7 42 43 
41 1 1 7 43 44 
42 1 1 7 44 45 
43 1 1 7 45 46 
44 1 1 7 46 47 
45 1 1 7 47 48 
46 1 1 7 48 49 
47 1 1 7 49 50 
48 1 1 7 50 51 
49 1 1 7 51 52 
50 1 1 7 52 53 
51 1 1 7 53 54 
52 1 1 7 54 55 
53 1 1 7 55 56 
54 1 1 7 56 57 
55 1 1 7 57 58 
56 1 1 7 58 59 
57 1 1 7 59 60 
58 1 1 7 60 61 
59 1 1 7 61 62 
60 1 1 7 62 63 
61 1 1 7 63 64 
62 1 1 7 64 65 
63 1 1 7 65 66 
64 1 1 7 66 67 
65 1 1 7 67 68 
66 1 1 7 68 69 
67 1 1 7 69 70 
68 1 1 7 70 71 
69 1 1 7 71 72 
70 1 1 7 72 73 
71 1 1 7 73 74 
72 1 1 7 74 75 
73 1 1 7 75 76 
74 1 1 7 76 77 
75 1 1 7 77 78 
76 1 1 7 78 79 
77 1 1 7 79 80 
78 1 1 7 80 81 
79 1 1 7 81 82 
80 1 1 7 82 83 
81 1 1 7 83 84 
82 1 1 7 84 85 
83 1 1 7 85 86 
84 1 1 7 86 87 
85 1 1 7 87 88 
86 1 1 7 88 89 
87 1 1 7 89 90 
88 1 1 7 90 91 
89 1 1 7 91 92 
90 1 1 7 92 93 
91 1 1 7 93 94 
92 1 1 7 94 95 
93 1 1 7 95 96 
94 1 1 7 96 97 
95 1 1 7 97 98 
96 1 1 7 98 99 
97 1 1 7 99 100 
98 1 1 7 100 101 
99 1 1 7 101 102 
100 1 1 7 102 103 
101 1 1 7 103 104 
102 1 1 7 104 105 
103 1 1 7 105 106 
104 1 1 7 106 2 
105 1 1 9 2 107 
106 1 1 9 107 108 
107 1 1 9 108 109 
108 1 1 9 109 110 
109 1 1 9 110 3 
110 1 1 8 3 111 
111 1 1 8 111 112 
112 1 1 8 112 113 
113 1 1 8 113 114 
114 1 1 8 114 115 
115 1 1 8 115 116 
116 1 1 8 116 117 
117 1 1 8 117 118 
118 1 1 8 118 119 
119 1 1 8 119 120 
120 1 1 8 120 121 
121 1 1 8 121 122 
122 1 1 8 122 123 
123 1 1 8 123 124 
124 1 1 8 124 125 
125 1 1 8 125 126 
126 1 1 8 126 127 
127 1 1 8 127 128 
128 1 1 8 128 129 
129 1 1 8 129 130 
130 1 1 8 130 131 
131 1 1 8 131 132 
132 1 1 8 132 133 
133 1 1 8 133 134 
134 1 1 8 134 135 
135 1 1 8 135 136 
136 1 1 8 136 137 
137 1 1 8 137 138 
138 1 1 8 138 139 
139 1 1 8 139 140 
140 1 1 8 140 141 
141 1 1 8 141 142 
142 1 1 8 142 143 
143 1 1 8 143 144 
144 1 1 8 144 145 
145 1 1 8 145 146 
146 1 1 8 146 147 
147 1 1 8 147 148 
148 1 1 8 148 149 
149 1 1 8 149 150 
150 1 1 8 150 151 
151 1 1 8 151 152 
152 1 1 8 152 153 
153 1 1 8 153 154 
154 1 1 8 154 155 
155 1 1 8 155 156 
156 1 1 8 156 157 
157 1 1 8 157 158 
158 1 1 8 158 159 
159 1 1 8 159 160 
160 1 1 8 160 161 
161 1 1 8 161 162 
162 1 1 8 162 163 
163 1 1 8 163 164 
164 1 1 8 164 165 
165 1 1 8 165 166 
166 1 1 8 166 167 
167 1 1 8 167 168 
168 1 1 8 168 169 
169 1 1 8 169 170 
170 1 1 8 170 171 
171 1 1 8 171 172 
172 1 1 8 172 173 
173 1 1 8 173 174 
174 1 1 8 174 175 
175 1 1 8 175 176 
176 1 1 8 176 177 
177 1 1 8 177 178 
178 1 1 8 178 179 
179 1 1 8 179 180 
180 1 1 8 180 181 
181 1 1 8 181 182 
182 1 1 8 182 183 
183 1 1 8 183 184 
184 1 1 8 184 185 
185 1 1 8 185 186 
186 1 1 8 186 187 
187 1 1 8 187 188 
188 1 1 8 188 189 
189 1 1 8 189 190 
190 1 1 8 190 191 
191 1 1 8 191 192 
192 1 1 8 192 193 
193 1 1 8 193 194 
194 1 1 8 194 195 
195 1 1 8 195 196 
196 1 1 8 196 197 
197 1 1 8 197 198 
198 1 1 8 198 199 
199 1 1 8 199 200 
200 1 1 8 200 201 
201 1 1 8 201 202 
202 1 1 8 202 203 
203 1 1 8 203 204 
204 1 1 8 204 205 
205 1 1 8 205 206 
206 1 1 8 206 207 
207 1 1 8 207 208 
208 1 1 8 208 209 
209 1 1 8 209 0 
210 3 1 5 560 254 433 435 
211 3 1 5 239 560 435 437 
212 3 1 5 437 439 531 239 
213 3 1 5 292 531 439 442 
214 3 1 5 442 444 520 292 
215 3 1 5 276 532 427 429 
216 3 1 5 444 446 229 520 
217 3 1 5 532 216 424 427 
218 3 1 5 31 585 468 30 
219 3 1 5 244 325 323 570 
220 3 1 5 248 499 413 415 
221 3 1 5 499 245 410 413 
222 3 1 5 50 566 469 49 
223 3 1 5 28 584 467 27 
224 3 1 5 570 323 321 220 
225 3 1 5 30 468 226 29 
226 3 1 5 470 52 53 563 
227 3 1 5 27 467 269 26 
228 3 1 5 461 463 273 476 
229 3 1 5 459 461 476 269 
230 3 1 5 325 244 571 327 
231 3 1 5 429 431 558 276 
232 3 1 5 207 208 297 571 
233 3 1 5 230 544 395 397 
234 3 1 5 536 273 463 465 
235 3 1 5 39 558 254 38 
236 3 1 5 544 243 393 395 
237 3 1 5 420 422 498 291 
238 3 1 5 43 498 216 42 
239 3 1 5 220 321 319 515 
240 3 1 5 415 417 546 248 
241 3 1 5 472 57 58 542 
242 3 1 5 45 546 291 44 
243 3 1 5 49 469 245 48 
244 3 1 5 446 448 585 229 
245 3 1 5 52 470 284 51 
246 3 1 5 404 406 566 284 
247 3 1 5 515 319 317 221 
248 3 1 5 289 517 380 383 
249 3 1 5 397 399 563 230 
250 3 1 5 517 234 378 380 
251 3 1 5 57 472 243 56 
252 3 1 5 234 549 376 378 
253 3 1 5 452 454 584 226 
254 3 1 5 387 389 542 246 
255 3 1 5 60 522 246 59 
256 3 1 5 549 252 373 376 
257 3 1 5 383 385 522 289 
258 3 1 5 297 329 327 571 
259 3 1 5 67 471 539 66 
260 3 1 5 221 317 314 535 
261 3 1 5 95 96 298 304 
262 3 1 5 300 305 218 304 
263 3 1 5 559 293 577 489 
264 3 1 5 213 559 489 486 
265 3 1 5 351 496 311 313 
266 3 1 5 490 213 486 484 
267 3 1 5 66 539 252 65 
268 3 1 5 280 523 365 367 
269 3 1 5 300 307 309 305 
270 3 1 5 367 369 471 280 
271 3 1 5 299 308 307 300 
272 3 1 5 363 365 523 247 
273 3 1 5 254 558 431 433 
274 3 1 5 85 86 266 477 
275 3 1 5 296 573 104 105 
276 3 1 5 484 480 227 490 
277 3 1 5 360 363 247 516 
278 3 1 5 267 128 129 491 
279 3 1 5 216 498 422 424 
280 3 1 5 291 546 417 420 
281 3 1 5 292 34 35 531 
282 3 1 5 135 555 228 134 
283 3 1 5 96 97 258 298 
284 3 1 5 317 316 315 314 
285 3 1 5 310 306 305 309 
286 3 1 5 525 572 507 565 
287 3 1 5 354 359 231 358 
288 3 1 5 358 73 74 352 
289 3 1 5 199 200 222 311 
290 3 1 5 131 538 270 130 
291 3 1 5 518 583 303 582 
292 3 1 5 75 217 352 74 
293 3 1 5 545 158 159 290 
294 3 1 5 563 53 54 230 
295 3 1 5 548 141 142 278 
296 3 1 5 544 55 56 243 
297 3 1 5 552 167 168 251 
298 3 1 5 493 233 190 191 
299 3 1 5 549 64 65 252 
300 3 1 5 137 540 236 136 
301 3 1 5 522 60 61 289 
302 3 1 5 203 204 220 515 
303 3 1 5 212 179 180 550 
304 3 1 5 37 560 239 36 
305 3 1 5 566 50 51 284 
306 3 1 5 124 561 286 123 
307 3 1 5 13 543 271 12 
308 3 1 5 496 351 345 224 
309 3 1 5 276 40 41 532 
310 3 1 5 526 530 223 529 
311 3 1 5 161 257 537 160 
312 3 1 5 359 354 473 475 
313 3 1 5 146 521 255 145 
314 3 1 5 268 568 102 103 
315 3 1 5 475 361 360 359 
316 3 1 5 485 486 489 487 
317 3 1 5 571 244 206 207 
318 3 1 5 191 192 225 493 
319 3 1 5 178 492 275 177 
320 3 1 5 224 344 196 197 
321 3 1 5 47 499 248 46 
322 3 1 5 231 72 73 358 
323 3 1 5 141 548 253 140 
324 3 1 5 214 117 118 554 
325 3 1 5 358 352 353 354 
326 3 1 5 503 502 508 504 
327 3 1 5 374 377 378 376 
328 3 1 5 379 381 383 380 
329 3 1 5 388 390 391 389 
330 3 1 5 481 480 484 482 
331 3 1 5 84 501 274 83 
332 3 1 5 187 533 287 186 
333 3 1 5 361 362 363 360 
334 3 1 5 368 370 371 369 
335 3 1 5 389 391 472 542 
336 3 1 5 416 418 420 417 
337 3 1 5 411 414 415 413 
338 3 1 5 428 430 431 429 
339 3 1 5 167 552 237 166 
340 3 1 5 181 279 550 180 
341 3 1 5 33 520 229 32 
342 3 1 5 55 544 230 54 
343 3 1 5 139 562 288 138 
344 3 1 5 351 348 347 345 
345 3 1 5 158 545 238 157 
346 3 1 5 516 231 359 360 
347 3 1 5 395 393 392 394 
348 3 1 5 264 16 17 337 
349 3 1 5 64 549 234 63 
350 3 1 5 257 161 162 500 
351 3 1 5 321 320 318 319 
352 3 1 5 273 24 25 476 
353 3 1 5 150 497 281 149 
354 3 1 5 372 374 376 373 
355 3 1 5 455 454 452 453 
356 3 1 5 71 516 247 70 
357 3 1 5 535 314 312 222 
358 3 1 5 584 28 29 226 
359 3 1 5 585 31 32 229 
360 3 1 5 524 79 80 235 
361 3 1 5 501 84 85 272 
362 3 1 5 304 218 94 95 
363 3 1 5 509 260 99 100 
364 3 1 5 568 261 101 102 
365 3 1 5 562 139 140 253 
366 3 1 5 459 460 462 461 
367 3 1 5 69 523 280 68 
368 3 1 5 553 116 117 214 
369 3 1 5 551 120 121 219 
370 3 1 5 338 133 134 228 
371 3 1 5 556 185 186 287 
372 3 1 5 533 187 188 256 
373 3 1 5 246 522 385 387 
374 3 1 5 483 479 480 481 
375 3 1 5 529 524 525 526 
376 3 1 5 136 236 555 135 
377 3 1 5 148 534 277 147 
378 3 1 5 535 222 200 201 
379 3 1 5 515 221 202 203 
380 3 1 5 570 220 204 205 
381 3 1 5 394 396 397 395 
382 3 1 5 435 433 432 434 
383 3 1 5 446 444 443 445 
384 3 1 5 454 455 457 456 
385 3 1 5 530 526 527 528 
386 3 1 5 543 13 14 263 
387 3 1 5 499 47 48 245 
388 3 1 5 542 58 59 246 
389 3 1 5 289 61 62 517 
390 3 1 5 147 277 521 146 
391 3 1 5 345 347 349 346 
392 3 1 5 377 379 380 378 
393 3 1 5 331 9 10 265 
394 3 1 5 497 150 151 249 
395 3 1 5 445 447 448 446 
396 3 1 5 492 178 179 212 
397 3 1 5 79 524 529 78 
398 3 1 5 561 124 125 241 
399 3 1 5 406 404 402 405 
400 3 1 5 409 411 413 410 
401 3 1 5 430 432 433 431 
402 3 1 5 560 37 38 254 
403 3 1 5 103 104 573 268 
404 3 1 5 305 306 569 218 
405 3 1 5 577 495 487 489 
406 3 1 5 384 386 387 385 
407 3 1 5 398 400 401 399 
408 3 1 5 414 416 417 415 
409 3 1 5 448 449 451 450 
410 3 1 5 217 75 76 547 
411 3 1 5 353 355 357 356 
412 3 1 5 421 423 424 422 
413 3 1 5 531 35 36 239 
414 3 1 5 70 247 523 69 
415 3 1 5 89 90 213 490 
416 3 1 5 119 211 554 118 
417 3 1 5 381 384 385 383 
418 3 1 5 425 428 429 427 
419 3 1 5 130 270 491 129 
420 3 1 5 486 485 482 484 
421 3 1 5 369 371 539 471 
422 3 1 5 352 217 355 353 
423 3 1 5 408 406 405 407 
424 3 1 5 407 409 410 408 
425 3 1 5 436 438 439 437 
426 3 1 5 558 39 40 276 
427 3 1 5 72 231 516 71 
428 3 1 5 390 392 393 391 
429 3 1 5 116 553 215 115 
430 3 1 5 423 425 427 424 
431 3 1 5 434 436 437 435 
432 3 1 5 498 43 44 291 
433 3 1 5 63 234 517 62 
434 3 1 5 567 81 82 564 
435 3 1 5 325 324 322 323 
436 3 1 5 354 353 356 473 
437 3 1 5 370 372 373 371 
438 3 1 5 576 530 528 574 
439 3 1 5 546 45 46 248 
440 3 1 5 224 345 346 344 
441 3 1 5 520 33 34 292 
442 3 1 5 532 41 42 216 
443 3 1 5 222 312 313 311 
444 3 1 5 400 402 404 401 
445 3 1 5 438 440 442 439 
446 3 1 5 506 503 504 505 
447 3 1 5 540 137 138 288 
448 3 1 5 226 468 450 452 
449 3 1 5 100 101 261 509 
450 3 1 5 440 443 444 442 
451 3 1 5 223 77 78 529 
452 3 1 5 86 87 478 266 
453 3 1 5 88 89 490 227 
454 3 1 5 509 261 511 510 
455 3 1 5 326 327 329 328 
456 3 1 5 284 470 401 404 
457 3 1 5 453 452 450 451 
458 3 1 5 19 262 578 18 
459 3 1 5 500 162 163 283 
460 3 1 5 113 242 332 112 
461 3 1 5 290 159 160 537 
462 3 1 5 422 420 418 421 
463 3 1 5 245 469 408 410 
464 3 1 5 471 67 68 280 
465 3 1 5 77 223 547 76 
466 3 1 5 185 556 250 184 
467 3 1 5 365 363 362 364 
468 3 1 5 526 525 565 527 
469 3 1 5 367 365 364 366 
470 3 1 5 252 539 371 373 
471 3 1 5 470 563 399 401 
472 3 1 5 534 148 149 281 
473 3 1 5 243 472 391 393 
474 3 1 5 339 341 343 340 
475 3 1 5 26 269 476 25 
476 3 1 5 93 94 218 569 
477 3 1 5 538 131 132 210 
478 3 1 5 369 367 366 368 
479 3 1 5 524 235 572 525 
480 3 1 5 588 332 242 333 
481 3 1 5 466 465 463 464 
482 3 1 5 569 293 92 93 
483 3 1 5 316 317 319 318 
484 3 1 5 505 507 572 506 
485 3 1 5 502 503 564 274 
486 3 1 5 197 198 496 224 
487 3 1 5 567 564 503 506 
488 3 1 5 338 339 340 210 
489 3 1 5 24 273 536 23 
490 3 1 5 133 338 210 132 
491 3 1 5 399 397 396 398 
492 3 1 5 304 298 299 300 
493 3 1 5 263 14 15 541 
494 3 1 5 389 387 386 388 
495 3 1 5 323 322 320 321 
496 3 1 5 219 121 122 330 
497 3 1 5 232 557 193 194 
498 3 1 5 480 479 478 227 
499 3 1 5 510 518 260 509 
500 3 1 5 510 513 583 518 
501 3 1 5 201 202 221 535 
502 3 1 5 81 567 235 80 
503 3 1 5 269 467 456 459 
504 3 1 5 460 459 456 457 
505 3 1 5 227 478 87 88 
506 3 1 5 192 193 557 225 
507 3 1 5 311 496 198 199 
508 3 1 5 16 264 541 15 
509 3 1 5 461 462 464 463 
510 3 1 5 120 551 211 119 
511 3 1 5 123 286 330 122 
512 3 1 5 313 494 348 351 
513 3 1 5 406 408 469 566 
514 3 1 5 83 274 564 82 
515 3 1 5 205 206 244 570 
516 3 1 5 293 569 306 577 
517 3 1 5 530 576 547 223 
518 3 1 5 242 113 114 581 
519 3 1 5 327 326 324 325 
520 3 1 5 90 91 559 213 
521 3 1 5 495 577 306 310 
522 3 1 5 513 510 511 512 
523 3 1 5 579 312 314 315 
524 3 1 5 301 299 298 258 
525 3 1 5 18 578 337 17 
526 3 1 5 312 579 494 313 
527 3 1 5 344 519 195 196 
528 3 1 5 12 271 575 11 
529 3 1 5 293 559 91 92 
530 3 1 5 574 357 355 576 
531 3 1 5 217 547 576 355 
532 3 1 5 259 22 23 536 
533 3 1 5 308 299 301 302 
534 3 1 5 194 195 519 232 
535 3 1 5 333 242 581 334 
536 3 1 5 506 572 235 567 
537 3 1 5 11 575 265 10 
538 3 1 5 115 215 581 114 
539 3 1 5 582 301 258 580 
540 3 1 5 302 301 582 303 
541 3 1 5 580 260 518 582 
542 3 1 5 260 580 98 99 
543 3 1 5 448 450 468 585 
544 3 1 5 97 98 580 258 
545 3 1 5 454 456 467 584 
546 3 1 5 514 599 648 336 
547 3 1 5 342 592 642 508 
548 3 1 5 336 600 636 514 
549 3 1 5 349 594 465 466 
550 3 1 5 342 508 502 593 
551 3 1 5 626 593 501 272 
552 3 1 5 679 143 144 598 
553 3 1 5 683 126 127 605 
554 3 1 5 343 601 479 483 
555 3 1 5 641 270 538 603 
556 3 1 5 594 349 347 602 
557 3 1 5 665 457 455 613 
558 3 1 5 466 609 346 349 
559 3 1 5 648 599 568 268 
560 3 1 5 341 339 592 342 
561 3 1 5 684 152 153 606 
562 3 1 5 483 603 340 343 
563 3 1 5 686 155 156 608 
564 3 1 5 512 511 599 514 
565 3 1 5 688 164 165 610 
566 3 1 5 690 169 170 612 
567 3 1 5 660 232 519 609 
568 3 1 5 691 172 173 616 
569 3 1 5 335 334 600 336 
570 3 1 5 696 175 176 618 
571 3 1 5 699 182 183 620 
572 3 1 5 487 488 682 485 
573 3 1 5 356 474 680 473 
574 3 1 5 22 259 678 21 
575 3 1 5 379 382 687 381 
576 3 1 5 372 375 685 374 
577 3 1 5 398 403 689 400 
578 3 1 5 438 441 698 440 
579 3 1 5 409 412 692 411 
580 3 1 5 416 419 695 418 
581 3 1 5 423 426 697 425 
582 3 1 5 109 295 586 108 
583 3 1 5 110 588 295 109 
584 3 1 5 5 6 589 294 
585 3 1 5 8 700 7 1 
586 3 1 5 209 0 4 702 
587 3 1 5 106 2 107 703 
588 3 1 5 111 701 110 3 
589 3 1 5 623 278 679 596 
590 3 1 5 594 602 678 259 
591 3 1 5 631 241 683 597 
592 3 1 5 646 249 684 604 
593 3 1 5 685 285 686 607 
594 3 1 5 662 283 688 611 
595 3 1 5 667 251 690 614 
596 3 1 5 190 233 613 693 
597 3 1 5 692 282 691 617 
598 3 1 5 695 240 696 619 
599 3 1 5 675 279 699 621 
600 3 1 5 259 536 465 594 
601 3 1 5 274 501 593 502 
602 3 1 5 357 596 474 356 
603 3 1 5 228 592 339 338 
604 3 1 5 20 595 262 19 
605 3 1 5 266 478 479 601 
606 3 1 5 145 255 598 144 
607 3 1 5 495 597 488 487 
608 3 1 5 348 350 602 347 
609 3 1 5 210 340 603 538 
610 3 1 5 370 604 375 372 
611 3 1 5 261 568 599 511 
612 3 1 5 128 267 605 127 
613 3 1 5 154 285 606 153 
614 3 1 5 215 600 334 581 
615 3 1 5 377 607 382 379 
616 3 1 5 157 238 608 156 
617 3 1 5 344 346 609 519 
618 3 1 5 396 611 403 398 
619 3 1 5 166 237 610 165 
620 3 1 5 453 458 613 455 
621 3 1 5 171 282 612 170 
622 3 1 5 407 614 412 409 
623 3 1 5 189 615 256 188 
624 3 1 5 174 240 616 173 
625 3 1 5 414 617 419 416 
626 3 1 5 177 275 618 176 
627 3 1 5 421 619 426 423 
628 3 1 5 184 250 620 183 
629 3 1 5 436 621 441 438 
630 3 1 5 590 705 573 296 
631 3 1 5 591 331 265 704 
632 3 1 5 631 310 309 645 
633 3 1 5 636 553 214 634 
634 3 1 5 592 228 555 642 
635 3 1 5 601 622 477 266 
636 3 1 5 624 507 505 629 
637 3 1 5 341 626 477 622 
638 3 1 5 641 481 482 649 
639 3 1 5 627 361 475 630 
640 3 1 5 628 253 548 635 
641 3 1 5 629 540 288 624 
642 3 1 5 634 512 514 636 
643 3 1 5 307 647 645 309 
644 3 1 5 635 528 527 628 
645 3 1 5 652 308 302 650 
646 3 1 5 624 288 562 639 
647 3 1 5 630 521 277 627 
648 3 1 5 596 357 574 623 
649 3 1 5 649 491 270 641 
650 3 1 5 236 633 642 555 
651 3 1 5 593 626 341 342 
652 3 1 5 645 561 241 631 
653 3 1 5 625 583 513 640 
654 3 1 5 638 364 362 632 
655 3 1 5 597 495 310 631 
656 3 1 5 632 534 281 638 
657 3 1 5 601 343 341 622 
658 3 1 5 85 477 626 272 
659 3 1 5 680 255 521 630 
660 3 1 5 639 565 507 624 
661 3 1 5 211 625 640 554 
662 3 1 5 643 497 249 646 
663 3 1 5 646 368 366 643 
664 3 1 5 650 219 330 652 
665 3 1 5 640 513 512 634 
666 3 1 5 604 370 368 646 
667 3 1 5 682 267 491 649 
668 3 1 5 603 483 481 641 
669 3 1 5 508 642 633 504 
670 3 1 5 653 656 541 264 
671 3 1 5 278 623 635 548 
672 3 1 5 497 643 638 281 
673 3 1 5 651 644 337 578 
674 3 1 5 364 638 643 366 
675 3 1 5 528 635 623 574 
676 3 1 5 534 632 627 277 
677 3 1 5 361 627 632 362 
678 3 1 5 253 628 639 562 
679 3 1 5 681 651 578 262 
680 3 1 5 565 639 628 527 
681 3 1 5 634 214 554 640 
682 3 1 5 651 579 315 644 
683 3 1 5 504 633 629 505 
684 3 1 5 219 650 637 551 
685 3 1 5 600 215 553 636 
686 3 1 5 561 645 647 286 
687 3 1 5 540 629 633 236 
688 3 1 5 656 318 320 661 
689 3 1 5 655 386 384 654 
690 3 1 5 653 316 318 656 
691 3 1 5 687 238 545 654 
692 3 1 5 654 545 290 655 
693 3 1 5 386 655 657 388 
694 3 1 5 655 290 537 657 
695 3 1 5 551 637 625 211 
696 3 1 5 583 625 637 303 
697 3 1 5 656 661 263 541 
698 3 1 5 388 657 658 390 
699 3 1 5 308 652 647 307 
700 3 1 5 657 537 257 658 
701 3 1 5 500 659 658 257 
702 3 1 5 611 396 394 662 
703 3 1 5 303 637 650 302 
704 3 1 5 392 659 662 394 
705 3 1 5 286 647 652 330 
706 3 1 5 390 658 659 392 
707 3 1 5 232 660 664 557 
708 3 1 5 659 500 283 662 
709 3 1 5 609 466 464 660 
710 3 1 5 462 664 660 464 
711 3 1 5 665 493 225 663 
712 3 1 5 663 460 457 665 
713 3 1 5 677 575 271 676 
714 3 1 5 460 663 664 462 
715 3 1 5 557 664 663 225 
716 3 1 5 689 237 552 666 
717 3 1 5 264 337 644 653 
718 3 1 5 316 653 644 315 
719 3 1 5 614 407 405 667 
720 3 1 5 613 233 493 665 
721 3 1 5 666 552 251 667 
722 3 1 5 402 666 667 405 
723 3 1 5 543 263 661 668 
724 3 1 5 448 447 669 449 
725 3 1 5 256 449 669 533 
726 3 1 5 287 670 672 556 
727 3 1 5 445 670 669 447 
728 3 1 5 673 430 428 671 
729 3 1 5 533 669 670 287 
730 3 1 5 671 492 212 673 
731 3 1 5 697 275 492 671 
732 3 1 5 698 250 556 672 
733 3 1 5 670 445 443 672 
734 3 1 5 674 550 279 675 
735 3 1 5 322 668 661 320 
736 3 1 5 432 674 675 434 
737 3 1 5 621 436 434 675 
738 3 1 5 550 674 673 212 
739 3 1 5 430 673 674 432 
740 3 1 5 677 676 324 326 
741 3 1 5 543 668 676 271 
742 3 1 5 322 324 676 668 
743 3 1 5 579 651 681 494 
744 3 1 5 256 694 451 449 
745 3 1 5 595 20 21 678 
746 3 1 5 278 142 143 679 
747 3 1 5 630 475 473 680 
748 3 1 5 350 348 494 681 
749 3 1 5 649 482 485 682 
750 3 1 5 241 125 126 683 
751 3 1 5 249 151 152 684 
752 3 1 5 607 377 374 685 
753 3 1 5 285 154 155 686 
754 3 1 5 654 384 381 687 
755 3 1 5 283 163 164 688 
756 3 1 5 666 402 400 689 
757 3 1 5 251 168 169 690 
758 3 1 5 617 414 411 692 
759 3 1 5 282 171 172 691 
760 3 1 5 615 189 190 693 
761 3 1 5 458 453 451 694 
762 3 1 5 240 174 175 696 
763 3 1 5 619 421 418 695 
764 3 1 5 671 428 425 697 
765 3 1 5 672 443 440 698 
766 3 1 5 279 181 182 699 
767 3 1 5 587 707 328 329 
768 3 1 5 334 335 706 333 
769 3 1 5 333 706 295 588 
770 3 1 5 5 294 707 587 
771 3 1 5 350 681 262 595 
772 3 1 5 598 474 596 679 
773 3 1 5 474 598 255 680 
774 3 1 5 605 488 597 683 
775 3 1 5 595 678 602 350 
776 3 1 5 606 375 604 684 
777 3 1 5 488 605 267 682 
778 3 1 5 375 606 285 685 
779 3 1 5 608 382 607 686 
780 3 1 5 382 608 238 687 
781 3 1 5 610 403 611 688 
782 3 1 5 403 610 237 689 
783 3 1 5 412 612 282 692 
784 3 1 5 612 412 614 690 
785 3 1 5 615 693 613 458 
786 3 1 5 458 694 256 615 
787 3 1 5 419 616 240 695 
788 3 1 5 616 419 617 691 
789 3 1 5 426 618 275 697 
790 3 1 5 618 426 619 696 
791 3 1 5 441 620 250 698 
792 3 1 5 620 441 621 699 
793 3 1 5 108 586 703 107 
794 3 1 5 6 7 700 589 
795 3 1 5 5 587 702 4 
796 3 1 5 9 331 700 8 
797 3 1 5 112 332 701 111 
798 3 1 5 105 106 703 296 
799 3 1 5 208 209 702 297 
800 3 1 5 110 701 332 588 
801 3 1 5 329 297 702 587 
802 3 1 5 590 296 703 586 
803 3 1 5 591 589 700 331 
804 3 1 5 706 335 705 590 
805 3 1 5 707 591 704 328 
806 3 1 5 336 648 705 335 
807 3 1 5 326 328 704 677 
808 3 1 5 586 295 706 590 
809 3 1 5 589 591 707 294 
810 3 1 5 268 573 705 648 
811 3 1 5 575 677 704 265 
