1418
710
4044
0 1 1 6 0 4 
1 1 1 6 4 5 
2 1 1 6 5 6 
3 1 1 6 6 7 
4 1 1 6 7 1 
5 1 1 7 1 8 
6 1 1 7 8 9 
7 1 1 7 9 10 
8 1 1 7 10 11 
9 1 1 7 11 12 
10 1 1 7 12 13 
11 1 1 7 13 14 
12 1 1 7 14 15 
13 1 1 7 15 16 
14 1 1 7 16 17 
15 1 1 7 17 18 
16 1 1 7 18 19 
17 1 1 7 19 20 
18 1 1 7 20 21 
19 1 1 7 21 22 
20 1 1 7 22 23 
21 1 1 7 23 24 
22 1 1 7 24 25 
23 1 1 7 25 26 
24 1 1 7 26 27 
25 1 1 7 27 28 
26 1 1 7 28 29 
27 1 1 7 29 30 
28 1 1 7 30 31 
29 1 1 7 31 32 
30 1 1 7 32 33 
31 1 1 7 33 34 
32 1 1 7 34 35 
33 1 1 7 35 36 
34 1 1 7 36 37 
35 1 1 7 37 38 
36 1 1 7 38 39 
37 1 1 7 39 40 
38 1 1 7 40 41 
39 1 1 7 41 42 
40 1 1 7 42 43 
41 1 1 7 43 44 
42 1 1 7 44 45 
43 1 1 7 45 46 
44 1 1 7 46 47 
45 1 1 7 47 48 
46 1 1 7 48 49 
47 1 1 7 49 50 
48 1 1 7 50 51 
49 1 1 7 51 52 
50 1 1 7 52 53 
51 1 1 7 53 54 
52 1 1 7 54 55 
53 1 1 7 55 56 
54 1 1 7 56 57 
55 1 1 7 57 58 
56 1 1 7 58 59 
57 1 1 7 59 60 
58 1 1 7 60 61 
59 1 1 7 61 62 
60 1 1 7 62 63 
61 1 1 7 63 64 
62 1 1 7 64 65 
63 1 1 7 65 66 
64 1 1 7 66 67 
65 1 1 7 67 68 
66 1 1 7 68 69 
67 1 1 7 69 70 
68 1 1 7 70 71 
69 1 1 7 71 72 
70 1 1 7 72 73 
71 1 1 7 73 74 
72 1 1 7 74 75 
73 1 1 7 75 76 
74 1 1 7 76 77 
75 1 1 7 77 78 
76 1 1 7 78 79 
77 1 1 7 79 80 
78 1 1 7 80 81 
79 1 1 7 81 82 
80 1 1 7 82 83 
81 1 1 7 83 84 
82 1 1 7 84 85 
83 1 1 7 85 86 
84 1 1 7 86 87 
85 1 1 7 87 88 
86 1 1 7 88 89 
87 1 1 7 89 90 
88 1 1 7 90 91 
89 1 1 7 91 92 
90 1 1 7 92 93 
91 1 1 7 93 94 
92 1 1 7 94 95 
93 1 1 7 95 96 
94 1 1 7 96 97 
95 1 1 7 97 98 
96 1 1 7 98 99 
97 1 1 7 99 100 
98 1 1 7 100 101 
99 1 1 7 101 102 
100 1 1 7 102 103 
101 1 1 7 103 104 
102 1 1 7 104 105 
103 1 1 7 105 106 
104 1 1 7 106 2 
105 1 1 9 2 107 
106 1 1 9 107 108 
107 1 1 9 108 109 
108 1 1 9 109 110 
109 1 1 9 110 3 
110 1 1 8 3 111 
111 1 1 8 111 112 
112 1 1 8 112 113 
113 1 1 8 113 114 
114 1 1 8 114 115 
115 1 1 8 115 116 
116 1 1 8 116 117 
117 1 1 8 117 118 
118 1 1 8 118 119 
119 1 1 8 119 120 
120 1 1 8 120 121 
121 1 1 8 121 122 
122 1 1 8 122 123 
123 1 1 8 123 124 
124 1 1 8 124 125 
125 1 1 8 125 126 
126 1 1 8 126 127 
127 1 1 8 127 128 
128 1 1 8 128 129 
129 1 1 8 129 130 
130 1 1 8 130 131 
131 1 1 8 131 132 
132 1 1 8 132 133 
133 1 1 8 133 134 
134 1 1 8 134 135 
135 1 1 8 135 136 
136 1 1 8 136 137 
137 1 1 8 137 138 
138 1 1 8 138 139 
139 1 1 8 139 140 
140 1 1 8 140 141 
141 1 1 8 141 142 
142 1 1 8 142 143 
143 1 1 8 143 144 
144 1 1 8 144 145 
145 1 1 8 145 146 
146 1 1 8 146 147 
147 1 1 8 147 148 
148 1 1 8 148 149 
149 1 1 8 149 150 
150 1 1 8 150 151 
151 1 1 8 151 152 
152 1 1 8 152 153 
153 1 1 8 153 154 
154 1 1 8 154 155 
155 1 1 8 155 156 
156 1 1 8 156 157 
157 1 1 8 157 158 
158 1 1 8 158 159 
159 1 1 8 159 160 
160 1 1 8 160 161 
161 1 1 8 161 162 
162 1 1 8 162 163 
163 1 1 8 163 164 
164 1 1 8 164 165 
165 1 1 8 165 166 
166 1 1 8 166 167 
167 1 1 8 167 168 
168 1 1 8 168 169 
169 1 1 8 169 170 
170 1 1 8 170 171 
171 1 1 8 171 172 
172 1 1 8 172 173 
173 1 1 8 173 174 
174 1 1 8 174 175 
175 1 1 8 175 176 
176 1 1 8 176 177 
177 1 1 8 177 178 
178 1 1 8 178 179 
179 1 1 8 179 180 
180 1 1 8 180 181 
181 1 1 8 181 182 
182 1 1 8 182 183 
183 1 1 8 183 184 
184 1 1 8 184 185 
185 1 1 8 185 186 
186 1 1 8 186 187 
187 1 1 8 187 188 
188 1 1 8 188 189 
189 1 1 8 189 190 
190 1 1 8 190 191 
191 1 1 8 191 192 
192 1 1 8 192 193 
193 1 1 8 193 194 
194 1 1 8 194 195 
195 1 1 8 195 196 
196 1 1 8 196 197 
197 1 1 8 197 198 
198 1 1 8 198 199 
199 1 1 8 199 200 
200 1 1 8 200 201 
201 1 1 8 201 202 
202 1 1 8 202 203 
203 1 1 8 203 204 
204 1 1 8 204 205 
205 1 1 8 205 206 
206 1 1 8 206 207 
207 1 1 8 207 208 
208 1 1 8 208 209 
209 1 1 8 209 0 
210 2 1 5 297 587 329 
211 2 1 5 333 588 332 
212 2 1 5 594 602 259 
213 2 1 5 349 602 594 
214 2 1 5 586 590 296 
215 2 1 5 331 591 589 
216 2 1 5 333 708 588 
217 2 1 5 587 709 329 
218 2 1 5 590 707 296 
219 2 1 5 331 706 591 
220 2 1 5 613 665 457 
221 2 1 5 436 677 621 
222 2 1 5 228 642 592 
223 2 1 5 407 667 614 
224 2 1 5 396 662 611 
225 2 1 5 495 631 597 
226 2 1 5 268 648 599 
227 2 1 5 272 626 593 
228 2 1 5 609 660 232 
229 2 1 5 357 623 596 
230 2 1 5 370 646 604 
231 2 1 5 601 622 266 
232 2 1 5 603 641 270 
233 2 1 5 215 636 600 
234 2 1 5 620 701 182 
235 2 1 5 421 697 619 
236 2 1 5 189 695 615 
237 2 1 5 618 698 175 
238 2 1 5 616 693 172 
239 2 1 5 414 694 617 
240 2 1 5 612 692 169 
241 2 1 5 610 690 164 
242 2 1 5 605 685 126 
243 2 1 5 20 680 595 
244 2 1 5 377 687 607 
245 2 1 5 606 686 152 
246 2 1 5 608 688 155 
247 2 1 5 598 681 143 
248 2 1 5 208 571 207 
249 2 1 5 437 439 239 
250 2 1 5 239 560 437 
251 2 1 5 435 560 254 
252 2 1 5 433 435 254 
253 2 1 5 437 560 435 
254 2 1 5 439 531 239 
255 2 1 5 292 531 442 
256 2 1 5 442 531 439 
257 2 1 5 442 444 292 
258 2 1 5 444 520 292 
259 2 1 5 429 431 276 
260 2 1 5 276 532 429 
261 2 1 5 39 558 38 
262 2 1 5 446 520 444 
263 2 1 5 31 585 30 
264 2 1 5 429 532 427 
265 2 1 5 229 520 446 
266 2 1 5 244 327 325 
267 2 1 5 427 532 216 
268 2 1 5 424 427 216 
269 2 1 5 446 448 229 
270 2 1 5 28 584 27 
271 2 1 5 43 498 42 
272 2 1 5 325 570 244 
273 2 1 5 420 422 291 
274 2 1 5 30 468 29 
275 2 1 5 30 585 468 
276 2 1 5 323 570 325 
277 2 1 5 45 546 44 
278 2 1 5 415 417 248 
279 2 1 5 248 499 415 
280 2 1 5 452 454 226 
281 2 1 5 415 499 413 
282 2 1 5 413 499 245 
283 2 1 5 410 413 245 
284 2 1 5 329 571 297 
285 2 1 5 49 469 48 
286 2 1 5 220 570 323 
287 2 1 5 50 566 49 
288 2 1 5 49 566 469 
289 2 1 5 27 584 467 
290 2 1 5 27 467 26 
291 2 1 5 404 406 284 
292 2 1 5 52 470 51 
293 2 1 5 220 323 321 
294 2 1 5 459 461 269 
295 2 1 5 52 563 470 
296 2 1 5 29 468 226 
297 2 1 5 53 563 52 
298 2 1 5 26 467 269 
299 2 1 5 463 476 461 
300 2 1 5 226 468 452 
301 2 1 5 273 476 463 
302 2 1 5 461 476 269 
303 2 1 5 254 558 433 
304 2 1 5 397 399 230 
305 2 1 5 244 571 327 
306 2 1 5 207 571 244 
307 2 1 5 230 544 397 
308 2 1 5 269 467 459 
309 2 1 5 431 558 276 
310 2 1 5 297 571 208 
311 2 1 5 465 536 273 
312 2 1 5 397 544 395 
313 2 1 5 321 515 220 
314 2 1 5 463 465 273 
315 2 1 5 276 558 39 
316 2 1 5 38 558 254 
317 2 1 5 395 544 243 
318 2 1 5 216 498 424 
319 2 1 5 393 395 243 
320 2 1 5 422 498 291 
321 2 1 5 291 546 420 
322 2 1 5 291 498 43 
323 2 1 5 42 498 216 
324 2 1 5 57 472 56 
325 2 1 5 319 515 321 
326 2 1 5 57 542 472 
327 2 1 5 229 585 31 
328 2 1 5 417 546 248 
329 2 1 5 58 542 57 
330 2 1 5 245 469 410 
331 2 1 5 44 546 291 
332 2 1 5 248 546 45 
333 2 1 5 48 469 245 
334 2 1 5 387 389 246 
335 2 1 5 448 585 229 
336 2 1 5 221 515 319 
337 2 1 5 226 584 28 
338 2 1 5 284 566 50 
339 2 1 5 60 522 59 
340 2 1 5 284 470 404 
341 2 1 5 51 470 284 
342 2 1 5 383 385 289 
343 2 1 5 406 566 284 
344 2 1 5 289 517 383 
345 2 1 5 221 319 317 
346 2 1 5 383 517 380 
347 2 1 5 230 563 53 
348 2 1 5 399 563 230 
349 2 1 5 380 517 234 
350 2 1 5 243 472 393 
351 2 1 5 378 380 234 
352 2 1 5 56 472 243 
353 2 1 5 234 549 378 
354 2 1 5 302 308 299 
355 2 1 5 378 549 376 
356 2 1 5 246 542 58 
357 2 1 5 246 522 387 
358 2 1 5 376 549 252 
359 2 1 5 454 584 226 
360 2 1 5 389 542 246 
361 2 1 5 59 522 246 
362 2 1 5 289 522 60 
363 2 1 5 373 376 252 
364 2 1 5 317 535 221 
365 2 1 5 385 522 289 
366 2 1 5 300 307 305 
367 2 1 5 95 304 218 
368 2 1 5 299 308 300 
369 2 1 5 96 304 95 
370 2 1 5 66 539 65 
371 2 1 5 327 571 329 
372 2 1 5 67 471 66 
373 2 1 5 471 539 66 
374 2 1 5 489 577 495 
375 2 1 5 300 305 304 
376 2 1 5 314 535 317 
377 2 1 5 213 559 486 
378 2 1 5 351 496 313 
379 2 1 5 9 331 8 
380 2 1 5 298 304 96 
381 2 1 5 97 298 96 
382 2 1 5 304 305 218 
383 2 1 5 489 559 293 
384 2 1 5 252 539 373 
385 2 1 5 484 490 213 
386 2 1 5 367 369 280 
387 2 1 5 312 579 313 
388 2 1 5 293 577 489 
389 2 1 5 486 559 489 
390 2 1 5 313 496 311 
391 2 1 5 214 553 116 
392 2 1 5 280 523 367 
393 2 1 5 480 490 484 
394 2 1 5 222 535 314 
395 2 1 5 213 486 484 
396 2 1 5 116 553 115 
397 2 1 5 201 535 222 
398 2 1 5 65 539 252 
399 2 1 5 260 582 580 
400 2 1 5 16 337 264 
401 2 1 5 367 523 365 
402 2 1 5 280 471 67 
403 2 1 5 354 475 359 
404 2 1 5 202 535 201 
405 2 1 5 307 309 305 
406 2 1 5 495 577 310 
407 2 1 5 513 518 510 
408 2 1 5 315 579 312 
409 2 1 5 112 332 111 
410 2 1 5 359 475 361 
411 2 1 5 369 471 280 
412 2 1 5 86 477 85 
413 2 1 5 363 365 247 
414 2 1 5 300 308 307 
415 2 1 5 510 518 509 
416 2 1 5 13 543 12 
417 2 1 5 365 523 247 
418 2 1 5 296 573 105 
419 2 1 5 346 519 344 
420 2 1 5 263 543 13 
421 2 1 5 433 558 431 
422 2 1 5 219 551 120 
423 2 1 5 266 477 86 
424 2 1 5 105 573 104 
425 2 1 5 227 490 480 
426 2 1 5 260 580 99 
427 2 1 5 309 310 306 
428 2 1 5 128 491 267 
429 2 1 5 363 516 360 
430 2 1 5 305 306 218 
431 2 1 5 247 516 363 
432 2 1 5 327 328 326 
433 2 1 5 129 491 128 
434 2 1 5 424 498 422 
435 2 1 5 525 572 565 
436 2 1 5 212 492 178 
437 2 1 5 204 515 203 
438 2 1 5 34 531 292 
439 2 1 5 84 501 83 
440 2 1 5 420 546 417 
441 2 1 5 178 492 177 
442 2 1 5 314 317 316 
443 2 1 5 301 303 302 
444 2 1 5 113 242 112 
445 2 1 5 253 562 139 
446 2 1 5 191 493 233 
447 2 1 5 72 358 231 
448 2 1 5 104 268 103 
449 2 1 5 135 555 134 
450 2 1 5 272 501 84 
451 2 1 5 261 568 511 
452 2 1 5 278 548 141 
453 2 1 5 24 476 273 
454 2 1 5 35 531 34 
455 2 1 5 134 555 228 
456 2 1 5 518 583 582 
457 2 1 5 354 359 358 
458 2 1 5 258 298 97 
459 2 1 5 120 551 119 
460 2 1 5 131 538 130 
461 2 1 5 345 351 348 
462 2 1 5 574 576 530 
463 2 1 5 187 533 186 
464 2 1 5 314 316 315 
465 2 1 5 241 561 124 
466 2 1 5 344 519 196 
467 2 1 5 305 309 306 
468 2 1 5 203 515 221 
469 2 1 5 93 569 293 
470 2 1 5 352 358 73 
471 2 1 5 137 540 136 
472 2 1 5 141 548 140 
473 2 1 5 565 572 507 
474 2 1 5 358 359 231 
475 2 1 5 200 311 199 
476 2 1 5 124 561 123 
477 2 1 5 74 352 73 
478 2 1 5 371 471 369 
479 2 1 5 113 581 242 
480 2 1 5 77 529 223 
481 2 1 5 388 390 389 
482 2 1 5 90 490 89 
483 2 1 5 411 414 413 
484 2 1 5 101 509 100 
485 2 1 5 139 562 138 
486 2 1 5 256 533 187 
487 2 1 5 261 510 509 
488 2 1 5 374 377 376 
489 2 1 5 290 545 158 
490 2 1 5 243 544 55 
491 2 1 5 268 568 103 
492 2 1 5 37 560 36 
493 2 1 5 75 217 74 
494 2 1 5 146 521 145 
495 2 1 5 526 530 529 
496 2 1 5 222 311 200 
497 2 1 5 528 530 526 
498 2 1 5 265 331 9 
499 2 1 5 130 538 270 
500 2 1 5 252 549 64 
501 2 1 5 94 569 93 
502 2 1 5 360 516 231 
503 2 1 5 71 516 70 
504 2 1 5 192 493 191 
505 2 1 5 251 552 167 
506 2 1 5 455 456 454 
507 2 1 5 582 583 303 
508 2 1 5 354 358 352 
509 2 1 5 245 499 47 
510 2 1 5 217 352 74 
511 2 1 5 569 577 293 
512 2 1 5 447 449 448 
513 2 1 5 159 290 158 
514 2 1 5 283 500 162 
515 2 1 5 311 496 199 
516 2 1 5 54 230 53 
517 2 1 5 63 234 62 
518 2 1 5 142 278 141 
519 2 1 5 148 534 147 
520 2 1 5 150 497 149 
521 2 1 5 157 238 156 
522 2 1 5 166 237 165 
523 2 1 5 287 556 185 
524 2 1 5 222 312 311 
525 2 1 5 40 532 276 
526 2 1 5 56 243 55 
527 2 1 5 100 509 260 
528 2 1 5 168 251 167 
529 2 1 5 174 240 173 
530 2 1 5 191 233 190 
531 2 1 5 193 225 192 
532 2 1 5 486 487 485 
533 2 1 5 506 567 564 
534 2 1 5 47 499 46 
535 2 1 5 224 496 351 
536 2 1 5 65 252 64 
537 2 1 5 228 338 133 
538 2 1 5 249 497 150 
539 2 1 5 161 257 160 
540 2 1 5 292 520 33 
541 2 1 5 136 540 236 
542 2 1 5 484 486 485 
543 2 1 5 61 289 60 
544 2 1 5 179 550 212 
545 2 1 5 220 515 204 
546 2 1 5 180 550 179 
547 2 1 5 36 560 239 
548 2 1 5 51 284 50 
549 2 1 5 79 524 78 
550 2 1 5 123 561 286 
551 2 1 5 361 362 360 
552 2 1 5 12 543 271 
553 2 1 5 14 541 263 
554 2 1 5 154 285 153 
555 2 1 5 453 455 454 
556 2 1 5 480 482 481 
557 2 1 5 254 560 37 
558 2 1 5 185 556 184 
559 2 1 5 224 351 345 
560 2 1 5 41 532 40 
561 2 1 5 69 523 68 
562 2 1 5 529 530 223 
563 2 1 5 481 483 479 
564 2 1 5 257 537 160 
565 2 1 5 227 480 479 
566 2 1 5 473 475 354 
567 2 1 5 109 295 108 
568 2 1 5 205 570 220 
569 2 1 5 512 513 510 
570 2 1 5 145 521 255 
571 2 1 5 103 568 102 
572 2 1 5 391 542 389 
573 2 1 5 457 460 459 
574 2 1 5 18 578 17 
575 2 1 5 425 428 427 
576 2 1 5 502 504 503 
577 2 1 5 321 323 322 
578 2 1 5 409 412 411 
579 2 1 5 434 436 435 
580 2 1 5 449 450 448 
581 2 1 5 206 570 205 
582 2 1 5 224 345 344 
583 2 1 5 438 441 440 
584 2 1 5 398 399 397 
585 2 1 5 421 423 422 
586 2 1 5 460 461 459 
587 2 1 5 61 517 289 
588 2 1 5 323 325 324 
589 2 1 5 359 361 360 
590 2 1 5 464 466 465 
591 2 1 5 486 489 487 
592 2 1 5 207 244 206 
593 2 1 5 436 438 437 
594 2 1 5 440 443 442 
595 2 1 5 451 453 452 
596 2 1 5 225 493 192 
597 2 1 5 224 344 197 
598 2 1 5 345 347 346 
599 2 1 5 416 418 417 
600 2 1 5 117 554 214 
601 2 1 5 133 338 132 
602 2 1 5 177 492 275 
603 2 1 5 197 344 196 
604 2 1 5 530 576 223 
605 2 1 5 356 474 473 
606 2 1 5 370 372 371 
607 2 1 5 462 463 461 
608 2 1 5 6 294 5 
609 2 1 5 46 499 248 
610 2 1 5 73 358 72 
611 2 1 5 167 552 166 
612 2 1 5 355 356 353 
613 2 1 5 379 381 380 
614 2 1 5 421 422 420 
615 2 1 5 428 430 429 
616 2 1 5 140 548 253 
617 2 1 5 161 500 257 
618 2 1 5 64 549 63 
619 2 1 5 118 554 117 
620 2 1 5 158 545 157 
621 2 1 5 353 354 352 
622 2 1 5 445 447 446 
623 2 1 5 502 508 504 
624 2 1 5 55 544 54 
625 2 1 5 377 378 376 
626 2 1 5 381 383 380 
627 2 1 5 384 386 385 
628 2 1 5 390 391 389 
629 2 1 5 470 563 401 
630 2 1 5 423 425 424 
631 2 1 5 377 379 378 
632 2 1 5 398 400 399 
633 2 1 5 239 531 35 
634 2 1 5 102 568 261 
635 2 1 5 368 370 369 
636 2 1 5 480 484 482 
637 2 1 5 83 501 274 
638 2 1 5 184 250 183 
639 2 1 5 186 533 287 
640 2 1 5 353 473 354 
641 2 1 5 362 363 360 
642 2 1 5 370 371 369 
643 2 1 5 472 542 391 
644 2 1 5 418 420 417 
645 2 1 5 438 440 439 
646 2 1 5 159 537 290 
647 2 1 5 181 279 180 
648 2 1 5 372 374 373 
649 2 1 5 394 395 393 
650 2 1 5 414 415 413 
651 2 1 5 564 567 81 
652 2 1 5 390 392 391 
653 2 1 5 414 416 415 
654 2 1 5 430 431 429 
655 2 1 5 77 223 76 
656 2 1 5 166 552 237 
657 2 1 5 279 550 180 
658 2 1 5 319 321 320 
659 2 1 5 364 365 363 
660 2 1 5 407 408 406 
661 2 1 5 33 520 32 
662 2 1 5 32 520 229 
663 2 1 5 54 544 230 
664 2 1 5 138 562 288 
665 2 1 5 345 348 347 
666 2 1 5 19 262 18 
667 2 1 5 157 545 238 
668 2 1 5 359 360 231 
669 2 1 5 300 304 298 
670 2 1 5 368 369 367 
671 2 1 5 392 394 393 
672 2 1 5 445 446 444 
673 2 1 5 526 529 524 
674 2 1 5 17 337 16 
675 2 1 5 63 549 234 
676 2 1 5 121 330 219 
677 2 1 5 210 538 131 
678 2 1 5 162 500 161 
679 2 1 5 319 320 318 
680 2 1 5 339 341 340 
681 2 1 5 407 409 408 
682 2 1 5 505 507 506 
683 2 1 5 16 264 15 
684 2 1 5 25 476 24 
685 2 1 5 87 266 86 
686 2 1 5 149 497 281 
687 2 1 5 374 376 373 
688 2 1 5 434 435 433 
689 2 1 5 453 454 452 
690 2 1 5 216 532 41 
691 2 1 5 235 524 79 
692 2 1 5 405 406 404 
693 2 1 5 70 516 247 
694 2 1 5 75 547 217 
695 2 1 5 222 314 312 
696 2 1 5 235 525 524 
697 2 1 5 29 226 28 
698 2 1 5 32 229 31 
699 2 1 5 72 231 71 
700 2 1 5 80 235 79 
701 2 1 5 83 274 82 
702 2 1 5 85 272 84 
703 2 1 5 89 227 88 
704 2 1 5 91 213 90 
705 2 1 5 95 218 94 
706 2 1 5 98 258 97 
707 2 1 5 100 260 99 
708 2 1 5 102 261 101 
709 2 1 5 140 253 139 
710 2 1 5 177 275 176 
711 2 1 5 381 384 383 
712 2 1 5 430 432 431 
713 2 1 5 460 462 461 
714 2 1 5 68 523 280 
715 2 1 5 115 215 114 
716 2 1 5 117 214 116 
717 2 1 5 119 211 118 
718 2 1 5 121 219 120 
719 2 1 5 123 286 122 
720 2 1 5 128 267 127 
721 2 1 5 130 270 129 
722 2 1 5 134 228 133 
723 2 1 5 136 236 135 
724 2 1 5 145 255 144 
725 2 1 5 147 277 146 
726 2 1 5 186 287 185 
727 2 1 5 188 256 187 
728 2 1 5 387 522 385 
729 2 1 5 480 481 479 
730 2 1 5 525 526 524 
731 2 1 5 525 527 526 
732 2 1 5 24 273 23 
733 2 1 5 106 296 105 
734 2 1 5 236 555 135 
735 2 1 5 147 534 277 
736 2 1 5 198 224 197 
737 2 1 5 201 222 200 
738 2 1 5 203 221 202 
739 2 1 5 205 220 204 
740 2 1 5 209 297 208 
741 2 1 5 394 396 395 
742 2 1 5 396 397 395 
743 2 1 5 400 402 401 
744 2 1 5 432 434 433 
745 2 1 5 443 445 444 
746 2 1 5 455 457 456 
747 2 1 5 527 528 526 
748 2 1 5 14 263 13 
749 2 1 5 48 245 47 
750 2 1 5 59 246 58 
751 2 1 5 62 517 61 
752 2 1 5 70 247 69 
753 2 1 5 85 477 272 
754 2 1 5 277 521 146 
755 2 1 5 195 232 194 
756 2 1 5 217 353 352 
757 2 1 5 347 349 346 
758 2 1 5 379 380 378 
759 2 1 5 10 265 9 
760 2 1 5 12 271 11 
761 2 1 5 151 249 150 
762 2 1 5 232 557 194 
763 2 1 5 447 448 446 
764 2 1 5 179 212 178 
765 2 1 5 388 389 387 
766 2 1 5 524 529 78 
767 2 1 5 81 567 80 
768 2 1 5 227 478 88 
769 2 1 5 125 241 124 
770 2 1 5 338 339 210 
771 2 1 5 402 405 404 
772 2 1 5 409 411 410 
773 2 1 5 411 413 410 
774 2 1 5 416 419 418 
775 2 1 5 432 433 431 
776 2 1 5 505 506 503 
777 2 1 5 38 254 37 
778 2 1 5 104 573 268 
779 2 1 5 306 569 218 
780 2 1 5 489 495 487 
781 2 1 5 26 269 25 
782 2 1 5 386 387 385 
783 2 1 5 400 401 399 
784 2 1 5 416 417 415 
785 2 1 5 449 451 450 
786 2 1 5 76 547 75 
787 2 1 5 355 357 356 
788 2 1 5 423 424 422 
789 2 1 5 22 259 21 
790 2 1 5 36 239 35 
791 2 1 5 247 523 69 
792 2 1 5 213 490 90 
793 2 1 5 211 554 118 
794 2 1 5 384 385 383 
795 2 1 5 428 429 427 
796 2 1 5 270 491 129 
797 2 1 5 484 485 482 
798 2 1 5 325 327 326 
799 2 1 5 371 539 471 
800 2 1 5 217 355 353 
801 2 1 5 405 407 406 
802 2 1 5 409 410 408 
803 2 1 5 438 439 437 
804 2 1 5 40 276 39 
805 2 1 5 231 516 71 
806 2 1 5 392 393 391 
807 2 1 5 115 553 215 
808 2 1 5 425 427 424 
809 2 1 5 436 437 435 
810 2 1 5 44 291 43 
811 2 1 5 234 517 62 
812 2 1 5 82 564 81 
813 2 1 5 323 324 322 
814 2 1 5 356 473 353 
815 2 1 5 372 373 371 
816 2 1 5 528 574 530 
817 2 1 5 46 248 45 
818 2 1 5 345 346 344 
819 2 1 5 34 292 33 
820 2 1 5 42 216 41 
821 2 1 5 502 503 274 
822 2 1 5 312 313 311 
823 2 1 5 402 404 401 
824 2 1 5 366 367 365 
825 2 1 5 440 442 439 
826 2 1 5 288 540 137 
827 2 1 5 348 350 347 
828 2 1 5 423 426 425 
829 2 1 5 504 505 503 
830 2 1 5 138 288 137 
831 2 1 5 281 534 148 
832 2 1 5 398 403 400 
833 2 1 5 452 468 450 
834 2 1 5 261 509 101 
835 2 1 5 443 444 442 
836 2 1 5 78 529 77 
837 2 1 5 87 478 266 
838 2 1 5 89 490 227 
839 2 1 5 261 511 510 
840 2 1 5 327 329 328 
841 2 1 5 404 470 401 
842 2 1 5 451 452 450 
843 2 1 5 262 578 18 
844 2 1 5 163 283 162 
845 2 1 5 379 382 381 
846 2 1 5 242 332 112 
847 2 1 5 160 537 159 
848 2 1 5 418 421 420 
849 2 1 5 410 469 408 
850 2 1 5 68 280 67 
851 2 1 5 223 547 76 
852 2 1 5 184 556 250 
853 2 1 5 317 318 316 
854 2 1 5 362 364 363 
855 2 1 5 525 565 527 
856 2 1 5 171 282 170 
857 2 1 5 364 366 365 
858 2 1 5 373 539 371 
859 2 1 5 401 563 399 
860 2 1 5 149 281 148 
861 2 1 5 393 472 391 
862 2 1 5 341 343 340 
863 2 1 5 501 502 274 
864 2 1 5 269 476 25 
865 2 1 5 218 569 94 
866 2 1 5 132 210 131 
867 2 1 5 339 342 341 
868 2 1 5 366 368 367 
869 2 1 5 487 488 485 
870 2 1 5 235 572 525 
871 2 1 5 242 333 332 
872 2 1 5 464 465 463 
873 2 1 5 372 375 374 
874 2 1 5 453 458 455 
875 2 1 5 93 293 92 
876 2 1 5 317 319 318 
877 2 1 5 507 572 506 
878 2 1 5 503 564 274 
879 2 1 5 198 496 224 
880 2 1 5 506 564 503 
881 2 1 5 339 340 210 
882 2 1 5 313 494 351 
883 2 1 5 273 536 23 
884 2 1 5 132 338 210 
885 2 1 5 396 398 397 
886 2 1 5 299 300 298 
887 2 1 5 15 541 14 
888 2 1 5 386 388 387 
889 2 1 5 258 301 299 
890 2 1 5 321 322 320 
891 2 1 5 122 330 121 
892 2 1 5 194 557 193 
893 2 1 5 227 479 478 
894 2 1 5 509 518 260 
895 2 1 5 334 335 333 
896 2 1 5 513 583 518 
897 2 1 5 221 535 202 
898 2 1 5 80 567 235 
899 2 1 5 459 467 456 
900 2 1 5 457 459 456 
901 2 1 5 511 514 512 
902 2 1 5 340 538 210 
903 2 1 5 217 547 355 
904 2 1 5 88 478 87 
905 2 1 5 193 557 225 
906 2 1 5 199 496 198 
907 2 1 5 264 541 15 
908 2 1 5 357 576 574 
909 2 1 5 506 572 567 
910 2 1 5 462 464 463 
911 2 1 5 119 551 211 
912 2 1 5 408 566 406 
913 2 1 5 293 559 92 
914 2 1 5 286 330 122 
915 2 1 5 351 494 348 
916 2 1 5 469 566 408 
917 2 1 5 274 564 82 
918 2 1 5 244 570 206 
919 2 1 5 242 334 333 
920 2 1 5 306 577 569 
921 2 1 5 223 576 547 
922 2 1 5 114 581 113 
923 2 1 5 325 326 324 
924 2 1 5 334 336 335 
925 2 1 5 91 559 213 
926 2 1 5 310 577 306 
927 2 1 5 511 512 510 
928 2 1 5 314 315 312 
929 2 1 5 258 299 298 
930 2 1 5 17 578 337 
931 2 1 5 22 536 259 
932 2 1 5 313 579 494 
933 2 1 5 196 519 195 
934 2 1 5 271 575 11 
935 2 1 5 92 559 91 
936 2 1 5 355 576 357 
937 2 1 5 547 576 355 
938 2 1 5 23 536 22 
939 2 1 5 301 302 299 
940 2 1 5 195 519 232 
941 2 1 5 242 581 334 
942 2 1 5 580 582 301 
943 2 1 5 567 572 235 
944 2 1 5 11 575 10 
945 2 1 5 10 575 265 
946 2 1 5 215 581 114 
947 2 1 5 258 580 301 
948 2 1 5 301 582 303 
949 2 1 5 450 585 448 
950 2 1 5 518 582 260 
951 2 1 5 99 580 98 
952 2 1 5 468 585 450 
953 2 1 5 98 580 258 
954 2 1 5 456 584 454 
955 2 1 5 467 584 456 
956 2 1 5 108 586 107 
957 2 1 5 5 587 4 
958 2 1 5 110 588 109 
959 2 1 5 7 589 6 
960 2 1 5 349 594 466 
961 2 1 5 508 593 342 
962 2 1 5 466 609 349 
963 2 1 5 342 592 508 
964 2 1 5 343 601 483 
965 2 1 5 483 603 343 
966 2 1 5 514 599 336 
967 2 1 5 336 600 514 
968 2 1 5 488 685 605 
969 2 1 5 619 697 240 
970 2 1 5 615 695 458 
971 2 1 5 474 681 598 
972 2 1 5 595 680 350 
973 2 1 5 617 694 282 
974 2 1 5 607 687 285 
975 2 1 5 375 686 606 
976 2 1 5 382 688 608 
977 2 1 5 441 701 620 
978 2 1 5 403 690 610 
979 2 1 5 412 692 612 
980 2 1 5 419 693 616 
981 2 1 5 426 698 618 
982 2 1 5 599 648 336 
983 2 1 5 592 642 508 
984 2 1 5 597 631 241 
985 2 1 5 621 677 279 
986 2 1 5 233 665 613 
987 2 1 5 593 626 342 
988 2 1 5 604 646 249 
989 2 1 5 611 662 283 
990 2 1 5 614 667 251 
991 2 1 5 596 623 278 
992 2 1 5 466 660 609 
993 2 1 5 343 622 601 
994 2 1 5 483 641 603 
995 2 1 5 600 636 514 
996 2 1 5 466 594 465 
997 2 1 5 536 594 259 
998 2 1 5 228 592 338 
999 2 1 5 502 593 508 
1000 2 1 5 20 595 19 
1001 2 1 5 272 593 501 
1002 2 1 5 357 596 356 
1003 2 1 5 144 598 143 
1004 2 1 5 127 605 126 
1005 2 1 5 483 601 479 
1006 2 1 5 370 604 372 
1007 2 1 5 538 603 270 
1008 2 1 5 495 597 487 
1009 2 1 5 347 602 349 
1010 2 1 5 455 613 457 
1011 2 1 5 349 609 346 
1012 2 1 5 478 601 266 
1013 2 1 5 268 599 568 
1014 2 1 5 339 592 342 
1015 2 1 5 153 606 152 
1016 2 1 5 343 603 340 
1017 2 1 5 156 608 155 
1018 2 1 5 377 607 379 
1019 2 1 5 511 599 514 
1020 2 1 5 165 610 164 
1021 2 1 5 189 615 188 
1022 2 1 5 396 611 398 
1023 2 1 5 170 612 169 
1024 2 1 5 519 609 232 
1025 2 1 5 173 616 172 
1026 2 1 5 215 600 581 
1027 2 1 5 407 614 409 
1028 2 1 5 334 600 336 
1029 2 1 5 414 617 416 
1030 2 1 5 421 619 423 
1031 2 1 5 176 618 175 
1032 2 1 5 183 620 182 
1033 2 1 5 436 621 438 
1034 2 1 5 348 683 350 
1035 2 1 5 488 684 485 
1036 2 1 5 474 682 473 
1037 2 1 5 142 681 278 
1038 2 1 5 151 686 249 
1039 2 1 5 259 680 21 
1040 2 1 5 125 685 241 
1041 2 1 5 382 689 381 
1042 2 1 5 154 688 285 
1043 2 1 5 375 687 374 
1044 2 1 5 163 690 283 
1045 2 1 5 403 691 400 
1046 2 1 5 168 692 251 
1047 2 1 5 441 700 440 
1048 2 1 5 171 693 282 
1049 2 1 5 412 694 411 
1050 2 1 5 233 695 190 
1051 2 1 5 419 697 418 
1052 2 1 5 426 699 425 
1053 2 1 5 174 698 240 
1054 2 1 5 453 696 458 
1055 2 1 5 181 701 279 
1056 2 1 5 295 586 108 
1057 2 1 5 294 587 5 
1058 2 1 5 109 588 295 
1059 2 1 5 6 589 294 
1060 2 1 5 8 702 1 
1061 2 1 5 1 702 7 
1062 2 1 5 2 705 106 
1063 2 1 5 0 704 209 
1064 2 1 5 4 704 0 
1065 2 1 5 107 705 2 
1066 2 1 5 111 703 3 
1067 2 1 5 3 703 110 
1068 2 1 5 350 683 595 
1069 2 1 5 278 681 596 
1070 2 1 5 598 682 474 
1071 2 1 5 605 684 488 
1072 2 1 5 602 680 259 
1073 2 1 5 241 685 597 
1074 2 1 5 249 686 604 
1075 2 1 5 606 687 375 
1076 2 1 5 285 688 607 
1077 2 1 5 608 689 382 
1078 2 1 5 283 690 611 
1079 2 1 5 610 691 403 
1080 2 1 5 251 692 614 
1081 2 1 5 612 694 412 
1082 2 1 5 613 695 233 
1083 2 1 5 282 693 617 
1084 2 1 5 616 697 419 
1085 2 1 5 618 699 426 
1086 2 1 5 458 696 615 
1087 2 1 5 620 700 441 
1088 2 1 5 240 698 619 
1089 2 1 5 279 701 621 
1090 2 1 5 465 594 536 
1091 2 1 5 501 593 502 
1092 2 1 5 356 596 474 
1093 2 1 5 338 592 339 
1094 2 1 5 19 595 262 
1095 2 1 5 479 601 478 
1096 2 1 5 255 598 144 
1097 2 1 5 487 597 488 
1098 2 1 5 350 602 347 
1099 2 1 5 340 603 538 
1100 2 1 5 372 604 375 
1101 2 1 5 568 599 511 
1102 2 1 5 267 605 127 
1103 2 1 5 285 606 153 
1104 2 1 5 581 600 334 
1105 2 1 5 379 607 382 
1106 2 1 5 238 608 156 
1107 2 1 5 346 609 519 
1108 2 1 5 398 611 403 
1109 2 1 5 237 610 165 
1110 2 1 5 458 613 455 
1111 2 1 5 282 612 170 
1112 2 1 5 409 614 412 
1113 2 1 5 188 615 256 
1114 2 1 5 240 616 173 
1115 2 1 5 416 617 419 
1116 2 1 5 275 618 176 
1117 2 1 5 423 619 426 
1118 2 1 5 250 620 183 
1119 2 1 5 438 621 441 
1120 2 1 5 296 707 573 
1121 2 1 5 265 706 331 
1122 2 1 5 630 682 255 
1123 2 1 5 262 683 651 
1124 2 1 5 654 689 238 
1125 2 1 5 649 684 267 
1126 2 1 5 666 691 237 
1127 2 1 5 256 696 669 
1128 2 1 5 673 699 275 
1129 2 1 5 674 700 250 
1130 2 1 5 219 652 650 
1131 2 1 5 650 652 308 
1132 2 1 5 481 649 641 
1133 2 1 5 512 636 634 
1134 2 1 5 641 649 491 
1135 2 1 5 634 636 553 
1136 2 1 5 336 648 335 
1137 2 1 5 310 645 631 
1138 2 1 5 507 629 624 
1139 2 1 5 219 650 551 
1140 2 1 5 307 647 309 
1141 2 1 5 253 635 628 
1142 2 1 5 337 653 264 
1143 2 1 5 628 635 528 
1144 2 1 5 624 629 540 
1145 2 1 5 361 630 627 
1146 2 1 5 627 630 521 
1147 2 1 5 309 645 310 
1148 2 1 5 668 672 543 
1149 2 1 5 214 634 553 
1150 2 1 5 656 661 541 
1151 2 1 5 555 642 228 
1152 2 1 5 266 622 477 
1153 2 1 5 505 629 507 
1154 2 1 5 341 626 622 
1155 2 1 5 622 626 477 
1156 2 1 5 322 672 668 
1157 2 1 5 482 649 481 
1158 2 1 5 678 679 575 
1159 2 1 5 475 630 361 
1160 2 1 5 288 639 624 
1161 2 1 5 548 635 253 
1162 2 1 5 288 624 540 
1163 2 1 5 318 661 656 
1164 2 1 5 514 636 512 
1165 2 1 5 309 647 645 
1166 2 1 5 527 628 528 
1167 2 1 5 578 651 644 
1168 2 1 5 632 638 364 
1169 2 1 5 653 656 264 
1170 2 1 5 534 638 632 
1171 2 1 5 583 640 625 
1172 2 1 5 302 650 308 
1173 2 1 5 562 639 288 
1174 2 1 5 277 627 521 
1175 2 1 5 236 633 555 
1176 2 1 5 631 645 561 
1177 2 1 5 574 623 357 
1178 2 1 5 270 641 491 
1179 2 1 5 633 642 555 
1180 2 1 5 342 626 341 
1181 2 1 5 241 631 561 
1182 2 1 5 513 640 583 
1183 2 1 5 362 632 364 
1184 2 1 5 551 637 211 
1185 2 1 5 310 631 495 
1186 2 1 5 281 638 534 
1187 2 1 5 341 622 343 
1188 2 1 5 477 626 272 
1189 2 1 5 643 646 368 
1190 2 1 5 361 627 362 
1191 2 1 5 634 640 513 
1192 2 1 5 278 623 548 
1193 2 1 5 540 629 236 
1194 2 1 5 253 628 562 
1195 2 1 5 579 651 494 
1196 2 1 5 504 633 505 
1197 2 1 5 497 646 643 
1198 2 1 5 644 651 579 
1199 2 1 5 521 630 255 
1200 2 1 5 211 625 554 
1201 2 1 5 624 639 565 
1202 2 1 5 507 624 565 
1203 2 1 5 534 632 277 
1204 2 1 5 625 640 554 
1205 2 1 5 249 646 497 
1206 2 1 5 366 643 368 
1207 2 1 5 330 652 219 
1208 2 1 5 303 637 302 
1209 2 1 5 497 643 281 
1210 2 1 5 512 634 513 
1211 2 1 5 583 625 303 
1212 2 1 5 364 638 366 
1213 2 1 5 368 646 370 
1214 2 1 5 491 649 267 
1215 2 1 5 528 635 574 
1216 2 1 5 214 640 634 
1217 2 1 5 481 641 483 
1218 2 1 5 565 639 527 
1219 2 1 5 508 642 504 
1220 2 1 5 504 642 633 
1221 2 1 5 264 656 541 
1222 2 1 5 623 635 548 
1223 2 1 5 281 643 638 
1224 2 1 5 578 644 337 
1225 2 1 5 638 643 366 
1226 2 1 5 574 635 623 
1227 2 1 5 277 632 627 
1228 2 1 5 627 632 362 
1229 2 1 5 316 656 653 
1230 2 1 5 286 647 330 
1231 2 1 5 628 639 562 
1232 2 1 5 308 652 307 
1233 2 1 5 561 645 286 
1234 2 1 5 262 651 578 
1235 2 1 5 527 639 628 
1236 2 1 5 554 640 214 
1237 2 1 5 315 644 579 
1238 2 1 5 316 653 315 
1239 2 1 5 505 633 629 
1240 2 1 5 573 648 268 
1241 2 1 5 551 650 637 
1242 2 1 5 263 668 543 
1243 2 1 5 553 636 215 
1244 2 1 5 326 679 678 
1245 2 1 5 645 647 286 
1246 2 1 5 629 633 236 
1247 2 1 5 320 661 318 
1248 2 1 5 654 655 386 
1249 2 1 5 384 654 386 
1250 2 1 5 318 656 316 
1251 2 1 5 545 655 654 
1252 2 1 5 545 654 238 
1253 2 1 5 386 655 388 
1254 2 1 5 388 657 390 
1255 2 1 5 290 655 545 
1256 2 1 5 655 657 388 
1257 2 1 5 290 657 655 
1258 2 1 5 537 657 290 
1259 2 1 5 211 637 625 
1260 2 1 5 625 637 303 
1261 2 1 5 541 661 263 
1262 2 1 5 657 658 390 
1263 2 1 5 390 658 392 
1264 2 1 5 537 658 657 
1265 2 1 5 307 652 647 
1266 2 1 5 232 660 557 
1267 2 1 5 500 659 257 
1268 2 1 5 257 658 537 
1269 2 1 5 392 659 394 
1270 2 1 5 257 659 658 
1271 2 1 5 394 662 396 
1272 2 1 5 460 665 663 
1273 2 1 5 637 650 302 
1274 2 1 5 500 662 659 
1275 2 1 5 659 662 394 
1276 2 1 5 647 652 330 
1277 2 1 5 658 659 392 
1278 2 1 5 660 664 557 
1279 2 1 5 283 662 500 
1280 2 1 5 462 664 464 
1281 2 1 5 464 660 466 
1282 2 1 5 557 664 225 
1283 2 1 5 663 665 493 
1284 2 1 5 464 664 660 
1285 2 1 5 225 663 493 
1286 2 1 5 324 672 322 
1287 2 1 5 460 663 462 
1288 2 1 5 457 665 460 
1289 2 1 5 271 678 575 
1290 2 1 5 663 664 462 
1291 2 1 5 225 664 663 
1292 2 1 5 552 666 237 
1293 2 1 5 552 667 666 
1294 2 1 5 644 653 337 
1295 2 1 5 402 666 405 
1296 2 1 5 315 653 644 
1297 2 1 5 405 667 407 
1298 2 1 5 493 665 233 
1299 2 1 5 251 667 552 
1300 2 1 5 666 667 405 
1301 2 1 5 322 668 320 
1302 2 1 5 449 669 451 
1303 2 1 5 449 670 669 
1304 2 1 5 661 668 263 
1305 2 1 5 256 669 533 
1306 2 1 5 673 675 430 
1307 2 1 5 328 679 326 
1308 2 1 5 447 670 449 
1309 2 1 5 669 670 533 
1310 2 1 5 543 672 271 
1311 2 1 5 445 674 671 
1312 2 1 5 287 671 556 
1313 2 1 5 445 671 447 
1314 2 1 5 430 675 432 
1315 2 1 5 671 674 556 
1316 2 1 5 492 675 673 
1317 2 1 5 447 671 670 
1318 2 1 5 428 673 430 
1319 2 1 5 533 670 287 
1320 2 1 5 670 671 287 
1321 2 1 5 550 676 212 
1322 2 1 5 550 677 676 
1323 2 1 5 212 675 492 
1324 2 1 5 492 673 275 
1325 2 1 5 556 674 250 
1326 2 1 5 443 674 445 
1327 2 1 5 279 677 550 
1328 2 1 5 320 668 661 
1329 2 1 5 432 676 434 
1330 2 1 5 676 677 434 
1331 2 1 5 434 677 436 
1332 2 1 5 212 676 675 
1333 2 1 5 675 676 432 
1334 2 1 5 326 678 324 
1335 2 1 5 575 679 265 
1336 2 1 5 672 678 271 
1337 2 1 5 324 678 672 
1338 2 1 5 475 682 630 
1339 2 1 5 651 683 494 
1340 2 1 5 384 689 654 
1341 2 1 5 482 684 649 
1342 2 1 5 402 691 666 
1343 2 1 5 669 696 451 
1344 2 1 5 428 699 673 
1345 2 1 5 443 700 674 
1346 2 1 5 21 680 20 
1347 2 1 5 143 681 142 
1348 2 1 5 473 682 475 
1349 2 1 5 494 683 348 
1350 2 1 5 485 684 482 
1351 2 1 5 126 685 125 
1352 2 1 5 152 686 151 
1353 2 1 5 374 687 377 
1354 2 1 5 155 688 154 
1355 2 1 5 381 689 384 
1356 2 1 5 164 690 163 
1357 2 1 5 400 691 402 
1358 2 1 5 169 692 168 
1359 2 1 5 411 694 414 
1360 2 1 5 172 693 171 
1361 2 1 5 190 695 189 
1362 2 1 5 451 696 453 
1363 2 1 5 175 698 174 
1364 2 1 5 418 697 421 
1365 2 1 5 425 699 428 
1366 2 1 5 440 700 443 
1367 2 1 5 182 701 181 
1368 2 1 5 295 590 586 
1369 2 1 5 589 591 294 
1370 2 1 5 329 709 328 
1371 2 1 5 335 708 333 
1372 2 1 5 588 708 295 
1373 2 1 5 294 709 587 
1374 2 1 5 595 683 262 
1375 2 1 5 596 681 474 
1376 2 1 5 255 682 598 
1377 2 1 5 597 685 488 
1378 2 1 5 350 680 602 
1379 2 1 5 604 686 375 
1380 2 1 5 267 684 605 
1381 2 1 5 285 687 606 
1382 2 1 5 607 688 382 
1383 2 1 5 238 689 608 
1384 2 1 5 611 690 403 
1385 2 1 5 237 691 610 
1386 2 1 5 282 694 612 
1387 2 1 5 614 692 412 
1388 2 1 5 458 695 613 
1389 2 1 5 615 696 256 
1390 2 1 5 240 697 616 
1391 2 1 5 617 693 419 
1392 2 1 5 275 699 618 
1393 2 1 5 619 698 426 
1394 2 1 5 250 700 620 
1395 2 1 5 621 701 441 
1396 2 1 5 328 709 591 
1397 2 1 5 590 708 335 
1398 2 1 5 110 703 588 
1399 2 1 5 586 705 107 
1400 2 1 5 7 702 589 
1401 2 1 5 587 704 4 
1402 2 1 5 331 702 8 
1403 2 1 5 332 703 111 
1404 2 1 5 106 705 296 
1405 2 1 5 209 704 297 
1406 2 1 5 588 703 332 
1407 2 1 5 297 704 587 
1408 2 1 5 296 705 586 
1409 2 1 5 589 702 331 
1410 2 1 5 335 707 590 
1411 2 1 5 591 706 328 
1412 2 1 5 648 707 335 
1413 2 1 5 328 706 679 
1414 2 1 5 295 708 590 
1415 2 1 5 591 709 294 
1416 2 1 5 573 707 648 
1417 2 1 5 679 706 265 
