690
2680
6048
0 1 3 6 0 4 7 8 
1 1 3 6 4 5 9 10 
2 1 3 6 5 6 11 12 
3 1 3 6 6 1 13 14 
4 1 3 7 1 15 81 82 
5 1 3 7 15 16 83 84 
6 1 3 7 16 17 85 86 
7 1 3 7 17 18 87 88 
8 1 3 7 18 19 89 90 
9 1 3 7 19 20 91 92 
10 1 3 7 20 21 93 94 
11 1 3 7 21 22 95 96 
12 1 3 7 22 23 97 98 
13 1 3 7 23 24 99 100 
14 1 3 7 24 25 101 102 
15 1 3 7 25 26 103 104 
16 1 3 7 26 27 105 106 
17 1 3 7 27 28 107 108 
18 1 3 7 28 29 109 110 
19 1 3 7 29 30 111 112 
20 1 3 7 30 31 113 114 
21 1 3 7 31 32 115 116 
22 1 3 7 32 33 117 118 
23 1 3 7 33 34 119 120 
24 1 3 7 34 35 121 122 
25 1 3 7 35 36 123 124 
26 1 3 7 36 37 125 126 
27 1 3 7 37 38 127 128 
28 1 3 7 38 39 129 130 
29 1 3 7 39 40 131 132 
30 1 3 7 40 41 133 134 
31 1 3 7 41 42 135 136 
32 1 3 7 42 43 137 138 
33 1 3 7 43 44 139 140 
34 1 3 7 44 45 141 142 
35 1 3 7 45 46 143 144 
36 1 3 7 46 47 145 146 
37 1 3 7 47 48 147 148 
38 1 3 7 48 49 149 150 
39 1 3 7 49 50 151 152 
40 1 3 7 50 51 153 154 
41 1 3 7 51 52 155 156 
42 1 3 7 52 53 157 158 
43 1 3 7 53 54 159 160 
44 1 3 7 54 55 161 162 
45 1 3 7 55 56 163 164 
46 1 3 7 56 57 165 166 
47 1 3 7 57 58 167 168 
48 1 3 7 58 59 169 170 
49 1 3 7 59 60 171 172 
50 1 3 7 60 61 173 174 
51 1 3 7 61 62 175 176 
52 1 3 7 62 63 177 178 
53 1 3 7 63 64 179 180 
54 1 3 7 64 65 181 182 
55 1 3 7 65 66 183 184 
56 1 3 7 66 67 185 186 
57 1 3 7 67 68 187 188 
58 1 3 7 68 69 189 190 
59 1 3 7 69 70 191 192 
60 1 3 7 70 71 193 194 
61 1 3 7 71 72 195 196 
62 1 3 7 72 73 197 198 
63 1 3 7 73 74 199 200 
64 1 3 7 74 75 201 202 
65 1 3 7 75 76 203 204 
66 1 3 7 76 77 205 206 
67 1 3 7 77 78 207 208 
68 1 3 7 78 79 209 210 
69 1 3 7 79 80 211 212 
70 1 3 7 80 2 213 214 
71 1 3 9 2 215 218 219 
72 1 3 9 215 216 220 221 
73 1 3 9 216 217 222 223 
74 1 3 9 217 3 224 225 
75 1 3 8 3 226 292 293 
76 1 3 8 226 227 294 295 
77 1 3 8 227 228 296 297 
78 1 3 8 228 229 298 299 
79 1 3 8 229 230 300 301 
80 1 3 8 230 231 302 303 
81 1 3 8 231 232 304 305 
82 1 3 8 232 233 306 307 
83 1 3 8 233 234 308 309 
84 1 3 8 234 235 310 311 
85 1 3 8 235 236 312 313 
86 1 3 8 236 237 314 315 
87 1 3 8 237 238 316 317 
88 1 3 8 238 239 318 319 
89 1 3 8 239 240 320 321 
90 1 3 8 240 241 322 323 
91 1 3 8 241 242 324 325 
92 1 3 8 242 243 326 327 
93 1 3 8 243 244 328 329 
94 1 3 8 244 245 330 331 
95 1 3 8 245 246 332 333 
96 1 3 8 246 247 334 335 
97 1 3 8 247 248 336 337 
98 1 3 8 248 249 338 339 
99 1 3 8 249 250 340 341 
100 1 3 8 250 251 342 343 
101 1 3 8 251 252 344 345 
102 1 3 8 252 253 346 347 
103 1 3 8 253 254 348 349 
104 1 3 8 254 255 350 351 
105 1 3 8 255 256 352 353 
106 1 3 8 256 257 354 355 
107 1 3 8 257 258 356 357 
108 1 3 8 258 259 358 359 
109 1 3 8 259 260 360 361 
110 1 3 8 260 261 362 363 
111 1 3 8 261 262 364 365 
112 1 3 8 262 263 366 367 
113 1 3 8 263 264 368 369 
114 1 3 8 264 265 370 371 
115 1 3 8 265 266 372 373 
116 1 3 8 266 267 374 375 
117 1 3 8 267 268 376 377 
118 1 3 8 268 269 378 379 
119 1 3 8 269 270 380 381 
120 1 3 8 270 271 382 383 
121 1 3 8 271 272 384 385 
122 1 3 8 272 273 386 387 
123 1 3 8 273 274 388 389 
124 1 3 8 274 275 390 391 
125 1 3 8 275 276 392 393 
126 1 3 8 276 277 394 395 
127 1 3 8 277 278 396 397 
128 1 3 8 278 279 398 399 
129 1 3 8 279 280 400 401 
130 1 3 8 280 281 402 403 
131 1 3 8 281 282 404 405 
132 1 3 8 282 283 406 407 
133 1 3 8 283 284 408 409 
134 1 3 8 284 285 410 411 
135 1 3 8 285 286 412 413 
136 1 3 8 286 287 414 415 
137 1 3 8 287 288 416 417 
138 1 3 8 288 289 418 419 
139 1 3 8 289 290 420 421 
140 1 3 8 290 291 422 423 
141 1 3 8 291 0 424 425 
142 2 3 5 559 564 260 630 631 632 633 634 635 636 
143 2 3 5 560 565 34 637 638 639 640 641 642 643 
144 2 3 5 511 564 559 644 645 631 630 646 647 648 
145 2 3 5 500 565 560 649 650 638 637 651 652 653 
146 2 3 5 562 593 547 654 655 656 657 658 659 660 
147 2 3 5 558 584 541 661 662 663 664 665 666 667 
148 2 3 5 524 608 563 668 669 670 671 672 673 674 
149 2 3 5 539 581 568 675 676 677 678 679 680 681 
150 2 3 5 528 609 561 682 683 684 685 686 687 688 
151 2 3 5 555 610 75 689 690 691 692 693 694 695 
152 2 3 5 42 619 566 696 697 698 699 700 701 702 
153 2 3 5 556 612 29 703 704 705 706 707 708 709 
154 2 3 5 557 611 21 710 711 712 713 714 715 716 
155 2 3 5 281 623 567 717 718 719 720 721 722 723 
156 2 3 5 227 454 226 724 725 726 727 294 295 728 
157 2 3 5 16 457 15 729 730 731 732 83 84 733 
158 2 3 5 460 486 228 734 735 736 737 738 739 740 
159 2 3 5 466 485 17 741 742 743 744 745 746 747 
160 2 3 5 16 485 457 748 749 750 751 730 729 752 
161 2 3 5 227 486 454 753 754 755 756 725 724 757 
162 2 3 5 228 486 227 737 736 754 753 296 297 758 
163 2 3 5 17 485 16 744 743 749 748 85 86 759 
164 2 3 5 442 528 287 760 761 762 763 764 765 766 
165 2 3 5 287 528 286 763 762 767 768 414 415 769 
166 2 3 5 448 524 279 770 771 772 773 774 775 776 
167 2 3 5 67 490 66 777 778 779 780 185 186 781 
168 2 3 5 66 490 464 780 779 782 783 784 785 786 
169 2 3 5 25 488 461 787 788 789 790 791 792 793 
170 2 3 5 18 504 466 794 795 796 797 798 799 800 
171 2 3 5 229 495 460 801 802 803 804 805 806 807 
172 2 3 5 19 504 18 808 809 795 794 89 90 810 
173 2 3 5 487 488 26 811 812 813 814 815 816 817 
174 2 3 5 279 524 278 773 772 818 819 398 399 820 
175 2 3 5 239 496 238 821 822 823 824 318 319 825 
176 2 3 5 27 487 26 826 827 816 815 105 106 828 
177 2 3 5 231 493 230 829 830 831 832 302 303 833 
178 2 3 5 488 489 461 834 835 836 837 790 789 838 
179 2 3 5 26 488 25 814 813 788 787 103 104 839 
180 2 3 5 79 426 78 840 841 842 843 209 210 844 
181 2 3 5 230 495 229 845 846 802 801 300 301 847 
182 2 3 5 431 539 233 848 849 850 851 852 853 854 
183 2 3 5 74 468 73 855 856 857 858 199 200 859 
184 2 3 5 233 539 232 851 850 860 861 306 307 862 
185 2 3 5 429 540 237 863 864 865 866 867 868 869 
186 2 3 5 78 529 77 870 871 872 873 207 208 874 
187 2 3 5 428 496 239 875 876 822 821 877 878 879 
188 2 3 5 60 507 437 880 881 882 883 884 885 886 
189 2 3 5 61 507 60 887 888 881 880 173 174 889 
190 2 3 5 290 427 289 890 891 892 893 420 421 894 
191 2 3 5 441 501 276 895 896 897 898 899 900 901 
192 2 3 5 452 509 40 902 903 904 905 906 907 908 
193 2 3 5 449 506 54 909 910 911 912 913 914 915 
194 2 3 5 46 510 434 916 917 918 919 920 921 922 
195 2 3 5 478 512 57 923 924 925 926 927 928 929 
196 2 3 5 62 513 438 930 931 932 933 934 935 936 
197 2 3 5 72 492 471 937 938 939 940 941 942 943 
198 2 3 5 433 508 258 944 945 946 947 948 949 950 
199 2 3 5 436 544 254 951 952 953 954 955 956 957 
200 2 3 5 426 529 78 958 959 871 870 843 842 960 
201 2 3 5 257 443 256 961 962 963 964 354 355 965 
202 2 3 5 46 434 45 921 920 966 967 143 144 968 
203 2 3 5 77 529 440 873 872 969 970 971 972 973 
204 2 3 5 272 499 447 974 975 976 977 978 979 980 
205 2 3 5 262 456 261 981 982 983 984 364 365 985 
206 2 3 5 435 541 263 986 987 988 989 990 991 992 
207 2 3 5 264 502 435 993 994 995 996 997 998 999 
208 2 3 5 464 537 65 1000 1001 1002 1003 1004 1005 1006 
209 2 3 5 55 449 54 1007 1008 914 913 161 162 1009 
210 2 3 5 58 478 57 1010 1011 928 927 167 168 1012 
211 2 3 5 59 542 58 1013 1014 1015 1016 169 170 1017 
212 2 3 5 250 450 249 1018 1019 1020 1021 340 341 1022 
213 2 3 5 266 484 265 1023 1024 1025 1026 372 373 1027 
214 2 3 5 459 487 27 1028 1029 827 826 1030 1031 1032 
215 2 3 5 36 519 481 1033 1034 1035 1036 1037 1038 1039 
216 2 3 5 48 505 47 1040 1041 1042 1043 147 148 1044 
217 2 3 5 51 476 50 1045 1046 1047 1048 153 154 1049 
218 2 3 5 64 439 63 1050 1051 1052 1053 179 180 1054 
219 2 3 5 493 495 230 1055 1056 846 845 832 831 1057 
220 2 3 5 242 474 241 1058 1059 1060 1061 324 325 1062 
221 2 3 5 253 473 252 1063 1064 1065 1066 346 347 1067 
222 2 3 5 259 433 258 1068 1069 949 948 358 359 1070 
223 2 3 5 447 516 271 1071 1072 1073 1074 1075 1076 1077 
224 2 3 5 242 498 474 1078 1079 1080 1081 1059 1058 1082 
225 2 3 5 248 458 247 1083 1084 1085 1086 336 337 1087 
226 2 3 5 272 447 271 979 978 1076 1075 384 385 1088 
227 2 3 5 275 444 274 1089 1090 1091 1092 390 391 1093 
228 2 3 5 285 445 284 1094 1095 1096 1097 410 411 1098 
229 2 3 5 288 442 287 1099 1100 765 764 416 417 1101 
230 2 3 5 462 520 32 1102 1103 1104 1105 1106 1107 1108 
231 2 3 5 47 510 46 1109 1110 917 916 145 146 1111 
232 2 3 5 238 496 429 824 823 1112 1113 1114 1115 1116 
233 2 3 5 283 534 446 1117 1118 1119 1120 1121 1122 1123 
234 2 3 5 499 500 447 1124 1125 1126 1127 977 976 1128 
235 2 3 5 73 492 72 1129 1130 938 937 197 198 1131 
236 2 3 5 257 508 443 1132 1133 1134 1135 962 961 1136 
237 2 3 5 284 534 283 1137 1138 1118 1117 408 409 1139 
238 2 3 5 502 503 435 1140 1141 1142 1143 996 995 1144 
239 2 3 5 49 532 470 1145 1146 1147 1148 1149 1150 1151 
240 2 3 5 63 513 62 1152 1153 931 930 177 178 1154 
241 2 3 5 245 546 244 1155 1156 1157 1158 330 331 1159 
242 2 3 5 38 521 480 1160 1161 1162 1163 1164 1165 1166 
243 2 3 5 288 517 442 1167 1168 1169 1170 1100 1099 1171 
244 2 3 5 51 515 476 1172 1173 1174 1175 1046 1045 1176 
245 2 3 5 40 509 39 905 904 1177 1178 131 132 1179 
246 2 3 5 237 540 236 866 865 1180 1181 314 315 1182 
247 2 3 5 236 540 430 1181 1180 1183 1184 1185 1186 1187 
248 2 3 5 39 521 38 1188 1189 1161 1160 129 130 1190 
249 2 3 5 53 506 455 1191 1192 1193 1194 1195 1196 1197 
250 2 3 5 33 462 32 1198 1199 1107 1106 117 118 1200 
251 2 3 5 432 494 493 1201 1202 1203 1204 1205 1206 1207 
252 2 3 5 52 515 51 1208 1209 1173 1172 155 156 1210 
253 2 3 5 251 543 514 1211 1212 1213 1214 1215 1216 1217 
254 2 3 5 253 544 473 1218 1219 1220 1221 1064 1063 1222 
255 2 3 5 510 511 434 1223 1224 1225 1226 919 918 1227 
256 2 3 5 28 459 27 1228 1229 1031 1030 107 108 1230 
257 2 3 5 36 481 35 1038 1037 1231 1232 123 124 1233 
258 2 3 5 55 535 449 1234 1235 1236 1237 1008 1007 1238 
259 2 3 5 258 508 257 947 946 1133 1132 356 357 1239 
260 2 3 5 265 502 264 1240 1241 994 993 370 371 1242 
261 2 3 5 467 504 19 1243 1244 809 808 1245 1246 1247 
262 2 3 5 244 546 472 1158 1157 1248 1249 1250 1251 1252 
263 2 3 5 250 514 450 1253 1254 1255 1256 1019 1018 1257 
264 2 3 5 263 541 262 989 988 1258 1259 366 367 1260 
265 2 3 5 267 531 266 1261 1262 1263 1264 374 375 1265 
266 2 3 5 25 461 24 792 791 1266 1267 101 102 1268 
267 2 3 5 58 542 478 1016 1015 1269 1270 1011 1010 1271 
268 2 3 5 262 541 456 1259 1258 1272 1273 982 981 1274 
269 2 3 5 269 533 268 1275 1276 1277 1278 378 379 1279 
270 2 3 5 31 520 477 1280 1281 1282 1283 1284 1285 1286 
271 2 3 5 430 548 235 1287 1288 1289 1290 1291 1292 1293 
272 2 3 5 38 480 37 1165 1164 1294 1295 127 128 1296 
273 2 3 5 256 518 255 1297 1298 1299 1300 352 353 1301 
274 2 3 5 270 453 269 1302 1303 1304 1305 380 381 1306 
275 2 3 5 271 516 270 1074 1073 1307 1308 382 383 1309 
276 2 3 5 270 516 453 1308 1307 1310 1311 1303 1302 1312 
277 2 3 5 57 512 56 926 925 1313 1314 165 166 1315 
278 2 3 5 512 535 56 1316 1317 1318 1319 1314 1313 1320 
279 2 3 5 465 490 67 1321 1322 778 777 1323 1324 1325 
280 2 3 5 474 497 241 1326 1327 1328 1329 1061 1060 1330 
281 2 3 5 286 528 526 768 767 1331 1332 1333 1334 1335 
282 2 3 5 255 518 436 1300 1299 1336 1337 1338 1339 1340 
283 2 3 5 266 531 484 1264 1263 1341 1342 1024 1023 1343 
284 2 3 5 289 517 288 1344 1345 1168 1167 418 419 1346 
285 2 3 5 31 477 30 1285 1284 1347 1348 113 114 1349 
286 2 3 5 274 525 273 1350 1351 1352 1353 388 389 1354 
287 2 3 5 20 467 19 1355 1356 1246 1245 91 92 1357 
288 2 3 5 254 544 253 954 953 1219 1218 348 349 1358 
289 2 3 5 44 536 469 1359 1360 1361 1362 1363 1364 1365 
290 2 3 5 453 533 269 1366 1367 1276 1275 1305 1304 1368 
291 2 3 5 18 466 17 799 798 746 745 87 88 1369 
292 2 3 5 23 479 22 1370 1371 1372 1373 97 98 1374 
293 2 3 5 45 536 44 1375 1376 1360 1359 141 142 1377 
294 2 3 5 49 470 48 1150 1149 1378 1379 149 150 1380 
295 2 3 5 470 505 48 1381 1382 1041 1040 1379 1378 1383 
296 2 3 5 60 437 59 885 884 1384 1385 171 172 1386 
297 2 3 5 62 438 61 935 934 1387 1388 175 176 1389 
298 2 3 5 438 507 61 1390 1391 888 887 1388 1387 1392 
299 2 3 5 66 464 65 785 784 1005 1004 183 184 1393 
300 2 3 5 68 465 67 1394 1395 1324 1323 187 188 1396 
301 2 3 5 72 471 71 942 941 1397 1398 195 196 1399 
302 2 3 5 484 502 265 1400 1401 1241 1240 1026 1025 1402 
303 2 3 5 54 506 53 912 911 1192 1191 159 160 1403 
304 2 3 5 437 542 59 1404 1405 1014 1013 1385 1384 1406 
305 2 3 5 244 472 243 1251 1250 1407 1408 328 329 1409 
306 2 3 5 273 525 499 1353 1352 1410 1411 1412 1413 1414 
307 2 3 5 229 460 228 806 805 739 738 298 299 1415 
308 2 3 5 232 432 231 1416 1417 1418 1419 304 305 1420 
309 2 3 5 234 431 233 1421 1422 853 852 308 309 1423 
310 2 3 5 236 430 235 1186 1185 1292 1291 312 313 1424 
311 2 3 5 238 429 237 1115 1114 868 867 316 317 1425 
312 2 3 5 240 428 239 1426 1427 878 877 320 321 1428 
313 2 3 5 248 530 458 1429 1430 1431 1432 1084 1083 1433 
314 2 3 5 273 499 272 1413 1412 975 974 386 387 1434 
315 2 3 5 278 524 522 819 818 1435 1436 1437 1438 1439 
316 2 3 5 283 446 282 1122 1121 1440 1441 406 407 1442 
317 2 3 5 471 491 71 1443 1444 1445 1446 1398 1397 1447 
318 2 3 5 243 498 242 1448 1449 1079 1078 326 327 1450 
319 2 3 5 268 533 451 1278 1277 1451 1452 1453 1454 1455 
320 2 3 5 276 501 275 898 897 1456 1457 392 393 1458 
321 2 3 5 277 441 276 1459 1460 900 899 394 395 1461 
322 2 3 5 280 448 279 1462 1463 775 774 400 401 1464 
323 2 3 5 439 513 63 1465 1466 1153 1152 1053 1052 1467 
324 2 3 5 251 514 250 1216 1215 1254 1253 342 343 1468 
325 2 3 5 268 451 267 1454 1453 1469 1470 376 377 1471 
326 2 3 5 445 534 284 1472 1473 1138 1137 1097 1096 1474 
327 2 3 5 278 522 277 1438 1437 1475 1476 396 397 1477 
328 2 3 5 427 517 289 1478 1479 1345 1344 893 892 1480 
329 2 3 5 505 510 47 1481 1482 1110 1109 1043 1042 1483 
330 2 3 5 468 492 73 1484 1485 1130 1129 858 857 1486 
331 2 3 5 480 519 37 1487 1488 1489 1490 1295 1294 1491 
332 2 3 5 455 515 52 1492 1493 1209 1208 1494 1495 1496 
333 2 3 5 434 536 45 1497 1498 1376 1375 967 966 1499 
334 2 3 5 472 498 243 1500 1501 1449 1448 1408 1407 1502 
335 2 3 5 451 531 267 1503 1504 1262 1261 1470 1469 1505 
336 2 3 5 44 469 43 1364 1363 1506 1507 139 140 1508 
337 2 3 5 50 532 49 1509 1510 1146 1145 151 152 1511 
338 2 3 5 53 455 52 1196 1195 1495 1494 157 158 1512 
339 2 3 5 240 497 428 1513 1514 1515 1516 1427 1426 1517 
340 2 3 5 255 436 254 1339 1338 956 955 350 351 1518 
341 2 3 5 264 435 263 998 997 991 990 368 369 1519 
342 2 3 5 65 537 64 1003 1002 1520 1521 181 182 1522 
343 2 3 5 443 518 256 1523 1524 1298 1297 964 963 1525 
344 2 3 5 275 501 444 1457 1456 1526 1527 1090 1089 1528 
345 2 3 5 37 519 36 1490 1489 1034 1033 125 126 1529 
346 2 3 5 509 521 39 1530 1531 1189 1188 1178 1177 1532 
347 2 3 5 56 535 55 1319 1318 1235 1234 163 164 1533 
348 2 3 5 458 545 247 1534 1535 1536 1537 1086 1085 1538 
349 2 3 5 32 520 31 1105 1104 1281 1280 115 116 1539 
350 2 3 5 41 452 40 1540 1541 907 906 133 134 1542 
351 2 3 5 432 493 231 1206 1205 830 829 1419 1418 1543 
352 2 3 5 450 530 249 1544 1545 1546 1547 1021 1020 1548 
353 2 3 5 476 532 50 1549 1550 1510 1509 1048 1047 1551 
354 2 3 5 252 543 251 1552 1553 1212 1211 344 345 1554 
355 2 3 5 70 463 69 1555 1556 1557 1558 191 192 1559 
356 2 3 5 77 440 76 972 971 1560 1561 205 206 1562 
357 2 3 5 246 475 245 1563 1564 1565 1566 332 333 1567 
358 2 3 5 473 543 252 1568 1569 1553 1552 1066 1065 1570 
359 2 3 5 444 525 274 1571 1572 1351 1350 1092 1091 1573 
360 2 3 5 286 526 285 1334 1333 1574 1575 412 413 1576 
361 2 3 5 70 491 463 1577 1578 1579 1580 1556 1555 1581 
362 2 3 5 461 547 24 1582 1583 1584 1585 1267 1266 1586 
363 2 3 5 522 523 441 1587 1588 1589 1590 1591 1592 1593 
364 2 3 5 249 530 248 1547 1546 1430 1429 338 339 1594 
365 2 3 5 232 539 432 861 860 1595 1596 1417 1416 1597 
366 2 3 5 235 548 234 1290 1289 1598 1599 310 311 1600 
367 2 3 5 64 537 439 1521 1520 1601 1602 1051 1050 1603 
368 2 3 5 247 545 246 1537 1536 1604 1605 334 335 1606 
369 2 3 5 24 547 23 1585 1584 1607 1608 99 100 1609 
370 2 3 5 23 547 479 1608 1607 1610 1611 1371 1370 1612 
371 2 3 5 246 545 475 1605 1604 1613 1614 1564 1563 1615 
372 2 3 5 234 548 431 1599 1598 1616 1617 1422 1421 1618 
373 2 3 5 71 491 70 1446 1445 1578 1577 193 194 1619 
374 2 3 5 241 497 240 1329 1328 1514 1513 322 323 1620 
375 2 3 5 526 527 445 1621 1622 1623 1624 1625 1626 1627 
376 2 3 5 475 546 245 1628 1629 1156 1155 1566 1565 1630 
377 2 3 5 277 522 441 1476 1475 1592 1591 1460 1459 1631 
378 2 3 5 68 538 465 1632 1633 1634 1635 1395 1394 1636 
379 2 3 5 285 526 445 1575 1574 1626 1625 1095 1094 1637 
380 2 3 5 69 538 68 1638 1639 1633 1632 189 190 1640 
381 2 3 5 463 538 69 1641 1642 1639 1638 1558 1557 1643 
382 2 3 5 80 552 79 1644 1645 1646 1647 211 212 1648 
383 2 3 5 291 551 290 1649 1650 1651 1652 422 423 1653 
384 2 3 5 566 619 503 699 698 1654 1655 1656 1657 1658 
385 2 3 5 523 612 556 1659 1660 704 703 1661 1662 1663 
386 2 3 5 567 623 489 720 719 1664 1665 1666 1667 1668 
387 2 3 5 527 611 557 1669 1670 711 710 1671 1672 1673 
388 2 3 5 494 610 555 1674 1675 690 689 1676 1677 1678 
389 2 3 5 446 593 562 1679 1680 655 654 1681 1682 1683 
390 2 3 5 563 608 459 671 670 1684 1685 1686 1687 1688 
391 2 3 5 561 609 467 685 684 1689 1690 1691 1692 1693 
392 2 3 5 469 584 558 1694 1695 662 661 1696 1697 1698 
393 2 3 5 568 581 468 678 677 1699 1700 1701 1702 1703 
394 2 3 5 461 562 547 1704 1705 659 658 1583 1582 1706 
395 2 3 5 435 558 541 1707 1708 666 665 987 986 1709 
396 2 3 5 42 566 41 701 700 1710 1711 135 136 1712 
397 2 3 5 22 557 21 1713 1714 715 714 95 96 1715 
398 2 3 5 30 556 29 1716 1717 708 707 111 112 1718 
399 2 3 5 260 564 259 633 632 1719 1720 360 361 1721 
400 2 3 5 35 560 34 1722 1723 642 641 121 122 1724 
401 2 3 5 261 559 260 1725 1726 635 634 362 363 1727 
402 2 3 5 34 565 33 640 639 1728 1729 119 120 1730 
403 2 3 5 281 567 280 722 721 1731 1732 402 403 1733 
404 2 3 5 76 555 75 1734 1735 694 693 203 204 1736 
405 2 3 5 539 568 432 680 679 1737 1738 1596 1595 1739 
406 2 3 5 524 563 522 673 672 1740 1741 1436 1435 1742 
407 2 3 5 528 561 526 687 686 1743 1744 1332 1331 1745 
408 2 3 5 494 621 493 1746 1747 1748 1749 1204 1203 1750 
409 2 3 5 488 614 489 1751 1752 1753 1754 835 834 1755 
410 2 3 5 20 611 467 1756 1757 1758 1759 1356 1355 1760 
411 2 3 5 523 616 441 1761 1762 1763 1764 1590 1589 1765 
412 2 3 5 510 615 511 1766 1767 1768 1769 1224 1223 1770 
413 2 3 5 527 622 445 1771 1772 1773 1774 1624 1623 1775 
414 2 3 5 499 613 500 1776 1777 1778 1779 1125 1124 1780 
415 2 3 5 500 618 447 1781 1782 1783 1784 1127 1126 1785 
416 2 3 5 469 619 43 1786 1787 1788 1789 1507 1506 1790 
417 2 3 5 502 617 503 1791 1792 1793 1794 1141 1140 1795 
418 2 3 5 446 623 282 1796 1797 1798 1799 1441 1440 1800 
419 2 3 5 511 620 434 1801 1802 1803 1804 1226 1225 1805 
420 2 3 5 74 610 468 1806 1807 1808 1809 856 855 1810 
421 2 3 5 28 612 459 1811 1812 1813 1814 1229 1228 1815 
422 2 3 5 79 552 426 1647 1646 1816 1817 841 840 1818 
423 2 3 5 290 551 427 1652 1651 1819 1820 891 890 1821 
424 2 3 5 485 553 457 1822 1823 1824 1825 751 750 1826 
425 2 3 5 486 554 454 1827 1828 1829 1830 756 755 1831 
426 2 3 5 555 621 494 1832 1833 1747 1746 1677 1676 1834 
427 2 3 5 489 614 567 1754 1753 1835 1836 1667 1666 1837 
428 2 3 5 467 611 561 1759 1758 1838 1839 1692 1691 1840 
429 2 3 5 556 616 523 1841 1842 1762 1761 1662 1661 1843 
430 2 3 5 557 622 527 1844 1845 1772 1771 1672 1671 1846 
431 2 3 5 511 615 564 1769 1768 1847 1848 645 644 1849 
432 2 3 5 500 613 565 1779 1778 1850 1851 650 649 1852 
433 2 3 5 558 619 469 1853 1854 1787 1786 1697 1696 1855 
434 2 3 5 560 618 500 1856 1857 1782 1781 652 651 1858 
435 2 3 5 459 612 563 1814 1813 1859 1860 1687 1686 1861 
436 2 3 5 562 623 446 1862 1863 1797 1796 1682 1681 1864 
437 2 3 5 559 620 511 1865 1866 1802 1801 647 646 1867 
438 2 3 5 503 617 566 1794 1793 1868 1869 1657 1656 1870 
439 2 3 5 468 610 568 1809 1808 1871 1872 1702 1701 1873 
440 2 3 5 440 555 76 1874 1875 1735 1734 1561 1560 1876 
441 2 3 5 479 557 22 1877 1878 1714 1713 1373 1372 1879 
442 2 3 5 477 556 30 1880 1881 1717 1716 1348 1347 1882 
443 2 3 5 456 559 261 1883 1884 1726 1725 984 983 1885 
444 2 3 5 503 558 435 1886 1887 1708 1707 1143 1142 1888 
445 2 3 5 526 561 527 1744 1743 1889 1890 1622 1621 1891 
446 2 3 5 280 567 448 1732 1731 1892 1893 1463 1462 1894 
447 2 3 5 259 564 433 1720 1719 1895 1896 1069 1068 1897 
448 2 3 5 489 562 461 1898 1899 1705 1704 837 836 1900 
449 2 3 5 481 560 35 1901 1902 1723 1722 1232 1231 1903 
450 2 3 5 522 563 523 1741 1740 1904 1905 1588 1587 1906 
451 2 3 5 41 566 452 1711 1710 1907 1908 1541 1540 1909 
452 2 3 5 33 565 462 1729 1728 1910 1911 1199 1198 1912 
453 2 3 5 432 568 494 1738 1737 1913 1914 1202 1201 1915 
454 2 3 5 486 569 554 1916 1917 1918 1919 1828 1827 1920 
455 2 3 5 485 570 553 1921 1922 1923 1924 1823 1822 1925 
456 2 3 5 460 569 486 1926 1927 1917 1916 735 734 1928 
457 2 3 5 466 570 485 1929 1930 1922 1921 742 741 1931 
458 2 3 5 570 603 517 1932 1933 1934 1935 1936 1937 1938 
459 2 3 5 569 606 529 1939 1940 1941 1942 1943 1944 1945 
460 2 3 5 6 550 5 1946 1947 1948 1949 11 12 1950 
461 2 3 5 217 549 216 1951 1952 1953 1954 222 223 1955 
462 2 3 5 554 569 426 1919 1918 1956 1957 1958 1959 1960 
463 2 3 5 553 570 427 1924 1923 1961 1962 1963 1964 1965 
464 2 3 5 460 606 569 1966 1967 1940 1939 1927 1926 1968 
465 2 3 5 466 603 570 1969 1970 1933 1932 1930 1929 1971 
466 2 3 5 427 570 517 1962 1961 1937 1936 1479 1478 1972 
467 2 3 5 426 569 529 1957 1956 1944 1943 959 958 1973 
468 2 3 5 584 620 456 1974 1975 1976 1977 1978 1979 1980 
469 2 3 5 591 618 481 1981 1982 1983 1984 1985 1986 1987 
470 2 3 5 592 616 477 1988 1989 1990 1991 1992 1993 1994 
471 2 3 5 593 622 479 1995 1996 1997 1998 1999 2000 2001 
472 2 3 5 462 613 599 2002 2003 2004 2005 2006 2007 2008 
473 2 3 5 452 617 598 2009 2010 2011 2012 2013 2014 2015 
474 2 3 5 433 615 587 2016 2017 2018 2019 2020 2021 2022 
475 2 3 5 606 621 440 2023 2024 2025 2026 2027 2028 2029 
476 2 3 5 448 614 608 2030 2031 2032 2033 2034 2035 2036 
477 2 3 5 575 607 428 2037 2038 2039 2040 2041 2042 2043 
478 2 3 5 428 607 496 2040 2039 2044 2045 876 875 2046 
479 2 3 5 490 607 575 2047 2048 2038 2037 2049 2050 2051 
480 2 3 5 495 606 460 2052 2053 1967 1966 804 803 2054 
481 2 3 5 573 577 430 2055 2056 2057 2058 2059 2060 2061 
482 2 3 5 573 576 463 2062 2063 2064 2065 2066 2067 2068 
483 2 3 5 490 575 464 2050 2049 2069 2070 783 782 2071 
484 2 3 5 491 577 573 2072 2073 2056 2055 2074 2075 2076 
485 2 3 5 540 576 573 2077 2078 2063 2062 2079 2080 2081 
486 2 3 5 471 577 491 2082 2083 2073 2072 1444 1443 2084 
487 2 3 5 546 578 472 2085 2086 2087 2088 1249 1248 2089 
488 2 3 5 548 577 572 2090 2091 2092 2093 2094 2095 2096 
489 2 3 5 580 587 470 2097 2098 2099 2100 2101 2102 2103 
490 2 3 5 504 603 466 2104 2105 1970 1969 797 796 2106 
491 2 3 5 474 571 497 2107 2108 2109 2110 1327 1326 2111 
492 2 3 5 512 590 586 2112 2113 2114 2115 2116 2117 2118 
493 2 3 5 474 582 571 2119 2120 2121 2122 2108 2107 2123 
494 2 3 5 515 602 585 2124 2125 2126 2127 2128 2129 2130 
495 2 3 5 589 596 543 2131 2132 2133 2134 2135 2136 2137 
496 2 3 5 449 596 589 2138 2139 2132 2131 2140 2141 2142 
497 2 3 5 574 595 545 2143 2144 2145 2146 2147 2148 2149 
498 2 3 5 585 602 436 2127 2126 2150 2151 2152 2153 2154 
499 2 3 5 449 589 506 2141 2140 2155 2156 910 909 2157 
500 2 3 5 458 574 545 2158 2159 2148 2147 1535 1534 2160 
501 2 3 5 547 593 479 657 656 2000 1999 1611 1610 2161 
502 2 3 5 532 580 470 2162 2163 2102 2101 1148 1147 2164 
503 2 3 5 498 582 474 2165 2166 2120 2119 1081 1080 2167 
504 2 3 5 595 605 475 2168 2169 2170 2171 2172 2173 2174 
505 2 3 5 515 585 476 2129 2128 2175 2176 1175 1174 2177 
506 2 3 5 572 577 471 2093 2092 2083 2082 2178 2179 2180 
507 2 3 5 597 604 451 2181 2182 2183 2184 2185 2186 2187 
508 2 3 5 597 600 480 2188 2189 2190 2191 2192 2193 2194 
509 2 3 5 519 591 481 2195 2196 1986 1985 1036 1035 2197 
510 2 3 5 443 583 518 2198 2199 2200 2201 1524 1523 2202 
511 2 3 5 439 601 513 2203 2204 2205 2206 1466 1465 2207 
512 2 3 5 491 573 463 2075 2074 2067 2066 1580 1579 2208 
513 2 3 5 506 589 588 2156 2155 2209 2210 2211 2212 2213 
514 2 3 5 571 582 537 2122 2121 2214 2215 2216 2217 2218 
515 2 3 5 472 601 498 2219 2220 2221 2222 1501 1500 2223 
516 2 3 5 533 600 597 2224 2225 2189 2188 2226 2227 2228 
517 2 3 5 478 590 512 2229 2230 2113 2112 924 923 2231 
518 2 3 5 590 594 530 2232 2233 2234 2235 2236 2237 2238 
519 2 3 5 464 571 537 2239 2240 2217 2216 1001 1000 2241 
520 2 3 5 476 585 583 2176 2175 2242 2243 2244 2245 2246 
521 2 3 5 462 599 520 2007 2006 2247 2248 1103 1102 2249 
522 2 3 5 470 587 505 2100 2099 2250 2251 1382 1381 2252 
523 2 3 5 548 572 431 2095 2094 2253 2254 1617 1616 2255 
524 2 3 5 451 604 531 2184 2183 2256 2257 1504 1503 2258 
525 2 3 5 520 592 477 2259 2260 1993 1992 1283 1282 2261 
526 2 3 5 436 602 544 2151 2150 2262 2263 952 951 2264 
527 2 3 5 437 574 542 2265 2266 2267 2268 1405 1404 2269 
528 2 3 5 531 598 484 2270 2271 2272 2273 1342 1341 2274 
529 2 3 5 512 586 535 2117 2116 2275 2276 1317 1316 2277 
530 2 3 5 520 599 592 2248 2247 2278 2279 2260 2259 2280 
531 2 3 5 497 575 428 2281 2282 2042 2041 1516 1515 2283 
532 2 3 5 473 589 543 2284 2285 2136 2135 1569 1568 2286 
533 2 3 5 429 576 540 2287 2288 2078 2077 864 863 2289 
534 2 3 5 536 584 469 2290 2291 1695 1694 1362 1361 2292 
535 2 3 5 478 594 590 2293 2294 2233 2232 2230 2229 2295 
536 2 3 5 578 601 472 2296 2297 2220 2219 2088 2087 2298 
537 2 3 5 431 581 539 2299 2300 676 675 849 848 2301 
538 2 3 5 514 586 450 2302 2303 2304 2305 1256 1255 2306 
539 2 3 5 480 600 519 2191 2190 2307 2308 1488 1487 2309 
540 2 3 5 571 575 497 2310 2311 2282 2281 2110 2109 2312 
541 2 3 5 507 605 595 2313 2314 2169 2168 2315 2316 2317 
542 2 3 5 574 594 542 2318 2319 2320 2321 2268 2267 2322 
543 2 3 5 540 573 430 2080 2079 2060 2059 1184 1183 2323 
544 2 3 5 506 588 455 2212 2211 2324 2325 1194 1193 2326 
545 2 3 5 476 583 532 2245 2244 2327 2328 1550 1549 2329 
546 2 3 5 532 583 580 2328 2327 2330 2331 2163 2162 2332 
547 2 3 5 572 581 431 2333 2334 2300 2299 2254 2253 2335 
548 2 3 5 582 601 439 2336 2337 2204 2203 2338 2339 2340 
549 2 3 5 591 600 453 2341 2342 2343 2344 2345 2346 2347 
550 2 3 5 538 579 465 2348 2349 2350 2351 1635 1634 2352 
551 2 3 5 531 604 598 2257 2256 2353 2354 2271 2270 2355 
552 2 3 5 516 591 453 2356 2357 2346 2345 1311 1310 2358 
553 2 3 5 452 598 509 2014 2013 2359 2360 903 902 2361 
554 2 3 5 448 608 524 2035 2034 669 668 771 770 2362 
555 2 3 5 458 594 574 2363 2364 2319 2318 2159 2158 2365 
556 2 3 5 475 605 546 2171 2170 2366 2367 1629 1628 2368 
557 2 3 5 508 587 580 2369 2370 2098 2097 2371 2372 2373 
558 2 3 5 517 603 442 1935 1934 2374 2375 1170 1169 2376 
559 2 3 5 430 577 548 2058 2057 2091 2090 1288 1287 2377 
560 2 3 5 437 595 574 2378 2379 2144 2143 2266 2265 2380 
561 2 3 5 580 583 443 2331 2330 2199 2198 2381 2382 2383 
562 2 3 5 498 601 582 2222 2221 2337 2336 2166 2165 2384 
563 2 3 5 519 600 591 2308 2307 2342 2341 2196 2195 2385 
564 2 3 5 521 604 597 2386 2387 2182 2181 2388 2389 2390 
565 2 3 5 530 594 458 2235 2234 2364 2363 1432 1431 2391 
566 2 3 5 468 581 492 1700 1699 2392 2393 1485 1484 2394 
567 2 3 5 546 605 578 2367 2366 2395 2396 2086 2085 2397 
568 2 3 5 433 587 508 2021 2020 2370 2369 945 944 2398 
569 2 3 5 453 600 533 2344 2343 2225 2224 1367 1366 2399 
570 2 3 5 533 597 451 2227 2226 2186 2185 1452 1451 2400 
571 2 3 5 521 597 480 2389 2388 2193 2192 1163 1162 2401 
572 2 3 5 541 584 456 664 663 1979 1978 1273 1272 2402 
573 2 3 5 450 590 530 2403 2404 2237 2236 1545 1544 2405 
574 2 3 5 513 578 438 2406 2407 2408 2409 933 932 2410 
575 2 3 5 537 582 439 2215 2214 2339 2338 1602 1601 2411 
576 2 3 5 455 602 515 2412 2413 2125 2124 1493 1492 2414 
577 2 3 5 543 596 514 2134 2133 2415 2416 1214 1213 2417 
578 2 3 5 496 579 429 2418 2419 2420 2421 1113 1112 2422 
579 2 3 5 463 576 538 2065 2064 2423 2424 1642 1641 2425 
580 2 3 5 592 599 444 2279 2278 2426 2427 2428 2429 2430 
581 2 3 5 518 585 436 2431 2432 2153 2152 1337 1336 2433 
582 2 3 5 586 590 450 2115 2114 2404 2403 2305 2304 2434 
583 2 3 5 507 595 437 2316 2315 2379 2378 883 882 2435 
584 2 3 5 535 596 449 2436 2437 2139 2138 1237 1236 2438 
585 2 3 5 508 580 443 2372 2371 2382 2381 1135 1134 2439 
586 2 3 5 459 608 487 1685 1684 2440 2441 1029 1028 2442 
587 2 3 5 542 594 478 2321 2320 2294 2293 1270 1269 2443 
588 2 3 5 583 585 518 2243 2242 2432 2431 2201 2200 2444 
589 2 3 5 464 575 571 2070 2069 2311 2310 2240 2239 2445 
590 2 3 5 544 588 473 2446 2447 2448 2449 1221 1220 2450 
591 2 3 5 576 579 538 2451 2452 2349 2348 2424 2423 2453 
592 2 3 5 588 589 473 2210 2209 2285 2284 2449 2448 2454 
593 2 3 5 442 609 528 2455 2456 683 682 761 760 2457 
594 2 3 5 501 592 444 2458 2459 2429 2428 1527 1526 2460 
595 2 3 5 444 599 525 2427 2426 2461 2462 1572 1571 2463 
596 2 3 5 509 604 521 2464 2465 2387 2386 1531 1530 2466 
597 2 3 5 467 609 504 1690 1689 2467 2468 1244 1243 2469 
598 2 3 5 545 595 475 2146 2145 2173 2172 1614 1613 2470 
599 2 3 5 438 605 507 2471 2472 2314 2313 1391 1390 2473 
600 2 3 5 514 596 586 2416 2415 2474 2475 2303 2302 2476 
601 2 3 5 513 601 578 2206 2205 2297 2296 2407 2406 2477 
602 2 3 5 534 593 446 2478 2479 1680 1679 1120 1119 2480 
603 2 3 5 598 604 509 2354 2353 2465 2464 2360 2359 2481 
604 2 3 5 544 602 588 2263 2262 2482 2483 2447 2446 2484 
605 2 3 5 588 602 455 2483 2482 2413 2412 2325 2324 2485 
606 2 3 5 586 596 535 2475 2474 2437 2436 2276 2275 2486 
607 2 3 5 578 605 438 2396 2395 2472 2471 2409 2408 2487 
608 2 3 5 496 607 579 2045 2044 2488 2489 2419 2418 2490 
609 2 3 5 492 572 471 2491 2492 2179 2178 940 939 2493 
610 2 3 5 579 607 465 2489 2488 2494 2495 2351 2350 2496 
611 2 3 5 429 579 576 2421 2420 2452 2451 2288 2287 2497 
612 2 3 5 492 581 572 2393 2392 2334 2333 2492 2491 2498 
613 2 3 5 603 609 442 2499 2500 2456 2455 2375 2374 2501 
614 2 3 5 529 606 440 1942 1941 2028 2027 970 969 2502 
615 2 3 5 504 609 603 2468 2467 2500 2499 2105 2104 2503 
616 2 3 5 465 607 490 2495 2494 2048 2047 1322 1321 2504 
617 2 3 5 536 620 584 2505 2506 1975 1974 2291 2290 2507 
618 2 3 5 516 618 591 2508 2509 1982 1981 2357 2356 2510 
619 2 3 5 587 615 505 2019 2018 2511 2512 2251 2250 2513 
620 2 3 5 501 616 592 2514 2515 1989 1988 2459 2458 2516 
621 2 3 5 599 613 525 2005 2004 2517 2518 2462 2461 2519 
622 2 3 5 598 617 484 2012 2011 2520 2521 2273 2272 2522 
623 2 3 5 495 621 606 2523 2524 2024 2023 2053 2052 2525 
624 2 3 5 534 622 593 2526 2527 1996 1995 2479 2478 2528 
625 2 3 5 608 614 487 2033 2032 2529 2530 2441 2440 2531 
626 2 3 5 75 610 74 692 691 1807 1806 201 202 2532 
627 2 3 5 21 611 20 713 712 1757 1756 93 94 2533 
628 2 3 5 29 612 28 706 705 1812 1811 109 110 2534 
629 2 3 5 441 616 501 1764 1763 2515 2514 896 895 2535 
630 2 3 5 487 614 488 2530 2529 1752 1751 812 811 2536 
631 2 3 5 505 615 510 2512 2511 1767 1766 1482 1481 2537 
632 2 3 5 434 620 536 1804 1803 2506 2505 1498 1497 2538 
633 2 3 5 447 618 516 1784 1783 2509 2508 1072 1071 2539 
634 2 3 5 525 613 499 2518 2517 1777 1776 1411 1410 2540 
635 2 3 5 493 621 495 1749 1748 2524 2523 1056 1055 2541 
636 2 3 5 484 617 502 2521 2520 1792 1791 1401 1400 2542 
637 2 3 5 43 619 42 1789 1788 697 696 137 138 2543 
638 2 3 5 445 622 534 1774 1773 2527 2526 1473 1472 2544 
639 2 3 5 282 623 281 1799 1798 718 717 404 405 2545 
640 2 3 5 216 482 215 2546 2547 2548 2549 220 221 2550 
641 2 3 5 5 483 4 2551 2552 2553 2554 9 10 2555 
642 2 3 5 552 554 426 2556 2557 1959 1958 1817 1816 2558 
643 2 3 5 551 553 427 2559 2560 1964 1963 1820 1819 2561 
644 2 3 5 15 625 1 2562 2563 2564 2565 81 82 2566 
645 2 3 5 226 624 3 2567 2568 2569 2570 292 293 2571 
646 2 3 5 0 629 291 2572 2573 2574 2575 424 425 2576 
647 2 3 5 2 628 80 2577 2578 2579 2580 213 214 2581 
648 2 3 5 563 612 523 1860 1859 1660 1659 1905 1904 2582 
649 2 3 5 479 622 557 1998 1997 1845 1844 1878 1877 2583 
650 2 3 5 503 619 558 1655 1654 1854 1853 1887 1886 2584 
651 2 3 5 477 616 556 1991 1990 1842 1841 1881 1880 2585 
652 2 3 5 566 617 452 1869 1868 2010 2009 1908 1907 2586 
653 2 3 5 561 611 527 1839 1838 1670 1669 1890 1889 2587 
654 2 3 5 564 615 433 1848 1847 2017 2016 1896 1895 2588 
655 2 3 5 456 620 559 1977 1976 1866 1865 1884 1883 2589 
656 2 3 5 481 618 560 1984 1983 1857 1856 1902 1901 2590 
657 2 3 5 565 613 462 1851 1850 2003 2002 1911 1910 2591 
658 2 3 5 440 621 555 2026 2025 1833 1832 1875 1874 2592 
659 2 3 5 567 614 448 1836 1835 2031 2030 1893 1892 2593 
660 2 3 5 489 623 562 1665 1664 1863 1862 1899 1898 2594 
661 2 3 5 568 610 494 1872 1871 1675 1674 1914 1913 2595 
662 2 3 5 291 629 551 2575 2574 2596 2597 1650 1649 2598 
663 2 3 5 80 628 552 2580 2579 2599 2600 1645 1644 2601 
664 2 3 5 552 628 482 2600 2599 2602 2603 2604 2605 2606 
665 2 3 5 551 629 483 2597 2596 2607 2608 2609 2610 2611 
666 2 3 5 5 550 483 1949 1948 2612 2613 2552 2551 2614 
667 2 3 5 216 549 482 1954 1953 2615 2616 2547 2546 2617 
668 2 3 5 3 624 217 2570 2569 2618 2619 224 225 2620 
669 2 3 5 1 625 6 2565 2564 2621 2622 13 14 2623 
670 2 3 5 4 629 0 2624 2625 2573 2572 7 8 2626 
671 2 3 5 215 628 2 2627 2628 2578 2577 218 219 2629 
672 2 3 5 454 624 226 2630 2631 2568 2567 727 726 2632 
673 2 3 5 457 625 15 2633 2634 2563 2562 732 731 2635 
674 2 3 5 483 627 551 2636 2637 2638 2639 2610 2609 2640 
675 2 3 5 482 626 552 2641 2642 2643 2644 2605 2604 2645 
676 2 3 5 551 627 553 2639 2638 2646 2647 2560 2559 2648 
677 2 3 5 552 626 554 2644 2643 2649 2650 2557 2556 2651 
678 2 3 5 549 624 454 2652 2653 2631 2630 2654 2655 2656 
679 2 3 5 550 625 457 2657 2658 2634 2633 2659 2660 2661 
680 2 3 5 553 627 457 2647 2646 2662 2663 1825 1824 2664 
681 2 3 5 554 626 454 2650 2649 2665 2666 1830 1829 2667 
682 2 3 5 454 626 549 2666 2665 2668 2669 2655 2654 2670 
683 2 3 5 457 627 550 2663 2662 2671 2672 2660 2659 2673 
684 2 3 5 217 624 549 2619 2618 2653 2652 1952 1951 2674 
685 2 3 5 6 625 550 2622 2621 2658 2657 1947 1946 2675 
686 2 3 5 482 628 215 2603 2602 2628 2627 2549 2548 2676 
687 2 3 5 483 629 4 2608 2607 2625 2624 2554 2553 2677 
688 2 3 5 549 626 482 2669 2668 2642 2641 2616 2615 2678 
689 2 3 5 550 627 483 2672 2671 2637 2636 2613 2612 2679 
