2680
0 0 0
0.0005 0 0
0.0005 0.01 0
0 0.01 0
0.000125 0 0
0.00025 0 0
0.000375 0 0
4.16667e-05 0 0
8.33333e-05 0 0
0.000166667 0 0
0.000208333 0 0
0.000291667 0 0
0.000333333 0 0
0.000416667 0 0
0.000458333 0 0
0.0005 0.000149254 0
0.0005 0.000298507 0
0.0005 0.000447761 0
0.0005 0.000597015 0
0.0005 0.000746269 0
0.0005 0.000895522 0
0.0005 0.00104478 0
0.0005 0.00119403 0
0.0005 0.00134328 0
0.0005 0.00149254 0
0.0005 0.00164179 0
0.0005 0.00179104 0
0.0005 0.0019403 0
0.0005 0.00208955 0
0.0005 0.00223881 0
0.0005 0.00238806 0
0.0005 0.00253731 0
0.0005 0.00268657 0
0.0005 0.00283582 0
0.0005 0.00298507 0
0.0005 0.00313433 0
0.0005 0.00328358 0
0.0005 0.00343284 0
0.0005 0.00358209 0
0.0005 0.00373134 0
0.0005 0.0038806 0
0.0005 0.00402985 0
0.0005 0.0041791 0
0.0005 0.00432836 0
0.0005 0.00447761 0
0.0005 0.00462687 0
0.0005 0.00477612 0
0.0005 0.00492537 0
0.0005 0.00507463 0
0.0005 0.00522388 0
0.0005 0.00537313 0
0.0005 0.00552239 0
0.0005 0.00567164 0
0.0005 0.0058209 0
0.0005 0.00597015 0
0.0005 0.0061194 0
0.0005 0.00626866 0
0.0005 0.00641791 0
0.0005 0.00656716 0
0.0005 0.00671642 0
0.0005 0.00686567 0
0.0005 0.00701493 0
0.0005 0.00716418 0
0.0005 0.00731343 0
0.0005 0.00746269 0
0.0005 0.00761194 0
0.0005 0.00776119 0
0.0005 0.00791045 0
0.0005 0.0080597 0
0.0005 0.00820896 0
0.0005 0.00835821 0
0.0005 0.00850746 0
0.0005 0.00865672 0
0.0005 0.00880597 0
0.0005 0.00895522 0
0.0005 0.00910448 0
0.0005 0.00925373 0
0.0005 0.00940299 0
0.0005 0.00955224 0
0.0005 0.00970149 0
0.0005 0.00985075 0
0.0005 4.97512e-05 0
0.0005 9.95025e-05 0
0.0005 0.000199005 0
0.0005 0.000248756 0
0.0005 0.000348259 0
0.0005 0.00039801 0
0.0005 0.000497512 0
0.0005 0.000547264 0
0.0005 0.000646766 0
0.0005 0.000696517 0
0.0005 0.00079602 0
0.0005 0.000845771 0
0.0005 0.000945274 0
0.0005 0.000995025 0
0.0005 0.00109453 0
0.0005 0.00114428 0
0.0005 0.00124378 0
0.0005 0.00129353 0
0.0005 0.00139303 0
0.0005 0.00144279 0
0.0005 0.00154229 0
0.0005 0.00159204 0
0.0005 0.00169154 0
0.0005 0.00174129 0
0.0005 0.0018408 0
0.0005 0.00189055 0
0.0005 0.00199005 0
0.0005 0.0020398 0
0.0005 0.0021393 0
0.0005 0.00218905 0
0.0005 0.00228856 0
0.0005 0.00233831 0
0.0005 0.00243781 0
0.0005 0.00248756 0
0.0005 0.00258706 0
0.0005 0.00263682 0
0.0005 0.00273632 0
0.0005 0.00278607 0
0.0005 0.00288557 0
0.0005 0.00293532 0
0.0005 0.00303483 0
0.0005 0.00308458 0
0.0005 0.00318408 0
0.0005 0.00323383 0
0.0005 0.00333333 0
0.0005 0.00338308 0
0.0005 0.00348259 0
0.0005 0.00353234 0
0.0005 0.00363184 0
0.0005 0.00368159 0
0.0005 0.00378109 0
0.0005 0.00383085 0
0.0005 0.00393035 0
0.0005 0.0039801 0
0.0005 0.0040796 0
0.0005 0.00412935 0
0.0005 0.00422886 0
0.0005 0.00427861 0
0.0005 0.00437811 0
0.0005 0.00442786 0
0.0005 0.00452736 0
0.0005 0.00457711 0
0.0005 0.00467662 0
0.0005 0.00472637 0
0.0005 0.00482587 0
0.0005 0.00487562 0
0.0005 0.00497512 0
0.0005 0.00502488 0
0.0005 0.00512438 0
0.0005 0.00517413 0
0.0005 0.00527363 0
0.0005 0.00532338 0
0.0005 0.00542289 0
0.0005 0.00547264 0
0.0005 0.00557214 0
0.0005 0.00562189 0
0.0005 0.00572139 0
0.0005 0.00577114 0
0.0005 0.00587065 0
0.0005 0.0059204 0
0.0005 0.0060199 0
0.0005 0.00606965 0
0.0005 0.00616915 0
0.0005 0.00621891 0
0.0005 0.00631841 0
0.0005 0.00636816 0
0.0005 0.00646766 0
0.0005 0.00651741 0
0.0005 0.00661692 0
0.0005 0.00666667 0
0.0005 0.00676617 0
0.0005 0.00681592 0
0.0005 0.00691542 0
0.0005 0.00696517 0
0.0005 0.00706468 0
0.0005 0.00711443 0
0.0005 0.00721393 0
0.0005 0.00726368 0
0.0005 0.00736318 0
0.0005 0.00741294 0
0.0005 0.00751244 0
0.0005 0.00756219 0
0.0005 0.00766169 0
0.0005 0.00771144 0
0.0005 0.00781095 0
0.0005 0.0078607 0
0.0005 0.0079602 0
0.0005 0.00800995 0
0.0005 0.00810945 0
0.0005 0.0081592 0
0.0005 0.00825871 0
0.0005 0.00830846 0
0.0005 0.00840796 0
0.0005 0.00845771 0
0.0005 0.00855721 0
0.0005 0.00860697 0
0.0005 0.00870647 0
0.0005 0.00875622 0
0.0005 0.00885572 0
0.0005 0.00890547 0
0.0005 0.00900498 0
0.0005 0.00905473 0
0.0005 0.00915423 0
0.0005 0.00920398 0
0.0005 0.00930348 0
0.0005 0.00935323 0
0.0005 0.00945274 0
0.0005 0.00950249 0
0.0005 0.00960199 0
0.0005 0.00965174 0
0.0005 0.00975124 0
0.0005 0.009801 0
0.0005 0.0099005 0
0.0005 0.00995025 0
0.000375 0.01 0
0.00025 0.01 0
0.000125 0.01 0
0.000458333 0.01 0
0.000416667 0.01 0
0.000333333 0.01 0
0.000291667 0.01 0
0.000208333 0.01 0
0.000166667 0.01 0
8.33333e-05 0.01 0
4.16667e-05 0.01 0
0 0.00985075 0
0 0.00970149 0
0 0.00955224 0
0 0.00940299 0
0 0.00925373 0
0 0.00910448 0
0 0.00895522 0
0 0.00880597 0
0 0.00865672 0
0 0.00850746 0
0 0.00835821 0
0 0.00820896 0
0 0.0080597 0
0 0.00791045 0
0 0.00776119 0
0 0.00761194 0
0 0.00746269 0
0 0.00731343 0
0 0.00716418 0
0 0.00701493 0
0 0.00686567 0
0 0.00671642 0
0 0.00656716 0
0 0.00641791 0
0 0.00626866 0
0 0.0061194 0
0 0.00597015 0
0 0.0058209 0
0 0.00567164 0
0 0.00552239 0
0 0.00537313 0
0 0.00522388 0
0 0.00507463 0
0 0.00492537 0
0 0.00477612 0
0 0.00462687 0
0 0.00447761 0
0 0.00432836 0
0 0.0041791 0
0 0.00402985 0
0 0.0038806 0
0 0.00373134 0
0 0.00358209 0
0 0.00343284 0
0 0.00328358 0
0 0.00313433 0
0 0.00298507 0
0 0.00283582 0
0 0.00268657 0
0 0.00253731 0
0 0.00238806 0
0 0.00223881 0
0 0.00208955 0
0 0.0019403 0
0 0.00179104 0
0 0.00164179 0
0 0.00149254 0
0 0.00134328 0
0 0.00119403 0
0 0.00104478 0
0 0.000895522 0
0 0.000746269 0
0 0.000597015 0
0 0.000447761 0
0 0.000298507 0
0 0.000149254 0
0 0.00995025 0
0 0.0099005 0
0 0.009801 0
0 0.00975124 0
0 0.00965174 0
0 0.00960199 0
0 0.00950249 0
0 0.00945274 0
0 0.00935323 0
0 0.00930348 0
0 0.00920398 0
0 0.00915423 0
0 0.00905473 0
0 0.00900498 0
0 0.00890547 0
0 0.00885572 0
0 0.00875622 0
0 0.00870647 0
0 0.00860697 0
0 0.00855721 0
0 0.00845771 0
0 0.00840796 0
0 0.00830846 0
0 0.00825871 0
0 0.0081592 0
0 0.00810945 0
0 0.00800995 0
0 0.0079602 0
0 0.0078607 0
0 0.00781095 0
0 0.00771144 0
0 0.00766169 0
0 0.00756219 0
0 0.00751244 0
0 0.00741294 0
0 0.00736318 0
0 0.00726368 0
0 0.00721393 0
0 0.00711443 0
0 0.00706468 0
0 0.00696517 0
0 0.00691542 0
0 0.00681592 0
0 0.00676617 0
0 0.00666667 0
0 0.00661692 0
0 0.00651741 0
0 0.00646766 0
0 0.00636816 0
0 0.00631841 0
0 0.00621891 0
0 0.00616915 0
0 0.00606965 0
0 0.0060199 0
0 0.0059204 0
0 0.00587065 0
0 0.00577114 0
0 0.00572139 0
0 0.00562189 0
0 0.00557214 0
0 0.00547264 0
0 0.00542289 0
0 0.00532338 0
0 0.00527363 0
0 0.00517413 0
0 0.00512438 0
0 0.00502488 0
0 0.00497512 0
0 0.00487562 0
0 0.00482587 0
0 0.00472637 0
0 0.00467662 0
0 0.00457711 0
0 0.00452736 0
0 0.00442786 0
0 0.00437811 0
0 0.00427861 0
0 0.00422886 0
0 0.00412935 0
0 0.0040796 0
0 0.0039801 0
0 0.00393035 0
0 0.00383085 0
0 0.00378109 0
0 0.00368159 0
0 0.00363184 0
0 0.00353234 0
0 0.00348259 0
0 0.00338308 0
0 0.00333333 0
0 0.00323383 0
0 0.00318408 0
0 0.00308458 0
0 0.00303483 0
0 0.00293532 0
0 0.00288557 0
0 0.00278607 0
0 0.00273632 0
0 0.00263682 0
0 0.00258706 0
0 0.00248756 0
0 0.00243781 0
0 0.00233831 0
0 0.00228856 0
0 0.00218905 0
0 0.0021393 0
0 0.0020398 0
0 0.00199005 0
0 0.00189055 0
0 0.0018408 0
0 0.00174129 0
0 0.00169154 0
0 0.00159204 0
0 0.00154229 0
0 0.00144279 0
0 0.00139303 0
0 0.00129353 0
0 0.00124378 0
0 0.00114428 0
0 0.00109453 0
0 0.000995025 0
0 0.000945274 0
0 0.000845771 0
0 0.00079602 0
0 0.000696517 0
0 0.000646766 0
0 0.000547264 0
0 0.000497512 0
0 0.00039801 0
0 0.000348259 0
0 0.000248756 0
0 0.000199005 0
0 9.95025e-05 0
0 4.97512e-05 0
0.000374468 0.00962536 0
0.000125532 0.000374644 0
0.000129258 0.00783582 0
0.000129258 0.00813433 0
0.000129258 0.00843284 0
0.000129258 0.00873134 0
0.000128572 0.00903104 0
0.000129258 0.005 0
0.000372162 0.00470149 0
0.000128572 0.00425254 0
0.000129258 0.00559701 0
0.000370742 0.00679104 0
0.000370742 0.00708955 0
0.000370742 0.00738806 0
0.000370742 0.00932836 0
0.000127838 0.00231343 0
0.000129258 0.000671642 0
0.000129258 0.00529851 0
0.000129258 0.00261194 0
0.000127838 0.0011194 0
0.000125692 0.00141876 0
0.000127838 0.0030597 0
0.000129258 0.00186567 0
0.000370742 0.00604478 0
0.000129258 0.00634328 0
0.000129258 0.00365672 0
0.000370742 0.00395522 0
0.000129258 0.00335821 0
0.000129002 0.00978356 0
0.000370742 0.00574627 0
0.000129258 0.00455224 0
0.000370998 0.000216439 0
0.000129258 0.00664179 0
0.000374308 0.00201577 0
0.000129258 0.00947761 0
0.000371428 0.00156835 0
0.000370742 0.00276119 0
0.000370742 0.00828358 0
0.000370742 0.00768657 0
0.000370742 0.00798507 0
0.000370742 0.000522388 0
0.000374308 0.000821744 0
0.000374308 0.00888145 0
0.000374308 0.00440214 0
0.000370742 0.00514925 0
0.000370742 0.00858209 0
0.000129258 0.00723881 0
0.000129258 0.00589552 0
0.000129258 0.00753731 0
0.000129258 0.0069403 0
0.000370742 0.00544776 0
0.000370742 0.00246269 0
0.000370742 0.00649254 0
0.000370742 0.00126866 0
0.000370742 0.00350746 0
0.000370742 0.00320896 0
0.000308718 0.00989517 0
0.000191282 0.000104829 0
0.000129258 0.00395522 0
0.000373626 0.000371864 0
0.000126374 0.00962814 0
0.000372494 0.00186574 0
0.000372569 0.00171663 0
0.00024758 0.0016444 0
0.000370742 0.00783582 0
0.000370742 0.00843284 0
0.000372494 0.00873142 0
0.000127723 0.0091793 0
0.000252468 0.00910708 0
0.000128452 0.00932837 0
0.000129258 0.00798507 0
0.000129258 0.00768657 0
0.000129258 0.00738806 0
0.000127601 0.00291045 0
0.000250856 0.00298507 0
0.000128457 0.00246269 0
0.000127723 0.00410428 0
0.000252468 0.0041765 0
0.000372494 0.000671714 0
0.000370742 0.005 0
0.000370742 0.00589552 0
0.000370742 0.0069403 0
0.000129258 0.00514925 0
0.000370742 0.00380597 0
0.000372399 0.00485075 0
0.000249144 0.00477612 0
0.000370742 0.00634328 0
0.000370742 0.00723881 0
0.000129258 0.00619403 0
0.000370742 0.00559701 0
0.000128457 0.00320896 0
0.000129258 0.000522388 0
0.000129258 0.00544776 0
0.000370742 0.00335821 0
0.000370742 0.00261194 0
0.000370742 0.00365672 0
0.000128335 0.00216537 0
0.000252448 0.00224138 0
0.000126999 0.00201631 0
0.000128447 0.00276119 0
0.000128335 0.000971336 0
0.000252448 0.00104735 0
0.000126999 0.000822281 0
0.000370742 0.00947761 0
0.000129258 0.00649254 0
0.000129258 0.00380597 0
0.000370742 0.00529851 0
0.000129258 0.00350746 0
0.000126636 0.00126876 0
0.000370742 0.00619403 0
0.000373364 0.00455214 0
0.000370742 0.00753731 0
0.000370742 0.00813433 0
0.000127039 0.00888198 0
0.000129258 0.00828358 0
0.000127039 0.0044016 0
0.000370742 0.00664179 0
0.000129258 0.00604478 0
0.000129258 0.00574627 0
0.000129258 0.00679104 0
0.000129258 0.00708955 0
0.000372961 0.0014193 0
0.000129258 0.00858209 0
0.000191498 0.00989852 0
0.000308502 0.000101478 0
0.000129004 0.00021618 0
0.000370996 0.00978382 0
0.00024987 0.00030331 0
0.00025013 0.00969669 0
0.000375411 0.00917954 0
0.000375408 0.00231386 0
0.000375408 0.00111983 0
0.000251942 0.00432735 0
0.000125145 0.00469437 0
0.000374855 0.00306682 0
0.000251892 0.000896521 0
0.000248066 0.00149354 0
0.000251892 0.00209055 0
0.000125145 0.00485787 0
0.000374855 0.00290332 0
0.000375411 0.00410404 0
0.000124597 0.00171685 0
0.000251942 0.00895623 0
0.000249938 0.00955234 0
0.000250062 0.000447661 0
0.00025 0.00761194 0
0.00025 0.00865672 0
0.00025 0.00835821 0
0.00025 0.00671642 0
0.00025 0.00776119 0
0.00025 0.00820896 0
0.00025 0.00850746 0
0.00025 0.00716418 0
0.00025 0.0080597 0
0.00025 0.00522388 0
0.00025084 0.00880652 0
0.00025 0.00746269 0
0.00025 0.00537313 0
0.000250986 0.00447706 0
0.00025 0.00552239 0
0.00025 0.00626866 0
0.000250001 0.00507463 0
0.00025 0.0058209 0
0.00025 0.00597015 0
0.00025 0.00641791 0
0.00025 0.00328358 0
0.00025 0.00253731 0
0.000249016 0.00134384 0
0.00025 0.00656716 0
0.00025 0.00686567 0
0.00025 0.0061194 0
0.00025 0.00358209 0
0.000249999 0.0038806 0
0.00025 0.00268657 0
0.00025 0.00343284 0
0.00025 0.00731343 0
0.00025 0.00567164 0
0.00025 0.000597015 0
0.00025 0.00373134 0
0.00025 0.00701493 0
0.00025 0.00940299 0
0.00025 0.00791045 0
0.000250826 0.00194085 0
0.000250825 0.000746819 0
0.000375688 0.00903067 0
0.000375676 0.000970957 0
0.000375676 0.00216499 0
0.000249995 0.00283582 0
0.000250005 0.00179104 0
0.000250005 0.00492537 0
0.000249995 0.00238806 0
0.000249995 0.00402985 0
0.000249995 0.00313433 0
0.000375688 0.00425292 0
0.000250005 0.00462687 0
0.000249995 0.00925373 0
0.000249995 0.00119403 0
0.000124323 0.00156798 0
8.91e-05 0.00990657 0
0.0004109 9.34342e-05 0
0.000250049 0.00981023 0
0.000249951 0.000189768 0
0.000410943 0.00990595 0
8.90573e-05 9.40526e-05 0
0.000125145 0.00474887 0
0.000125145 0.00480337 0
8.343e-05 0.00483062 0
4.1715e-05 0.00480337 0
4.1715e-05 0.00474887 0
8.343e-05 0.00472162 0
8.343e-05 0.00477612 0
0.000374855 0.00301232 0
0.000374855 0.00295782 0
0.00041657 0.00293057 0
0.000458285 0.00295782 0
0.000458285 0.00301232 0
0.00041657 0.00303957 0
0.00041657 0.00298507 0
0.000207811 0.00480337 0
0.000166478 0.00483062 0
0.000166478 0.00472162 0
0.000207811 0.00474887 0
0.000166478 0.00477612 0
0.000292189 0.00295782 0
0.000333522 0.00293057 0
0.000333522 0.00303957 0
0.000292189 0.00301232 0
0.000333522 0.00298507 0
0.000248383 0.00144364 0
0.000248699 0.00139374 0
0.000290331 0.00136899 0
0.000331646 0.00139414 0
0.00033133 0.00144404 0
0.000289698 0.00146879 0
0.000290014 0.00141889 0
0.000251623 0.00437725 0
0.000251304 0.00442716 0
0.00020967 0.0044519 0
0.000168354 0.00442675 0
0.000168673 0.00437685 0
0.000210307 0.0043521 0
0.000209989 0.004402 0
0.000168275 0.00199116 0
0.00020955 0.001966 0
0.000251181 0.00199075 0
0.000251537 0.00204065 0
0.000210261 0.0020658 0
0.00016863 0.00204106 0
0.000209906 0.0020159 0
0.000168306 0.00885683 0
0.000209573 0.00883168 0
0.000251207 0.00885642 0
0.000251574 0.00890633 0
0.000210307 0.00893148 0
0.000168673 0.00890673 0
0.00020994 0.00888158 0
0.000168275 0.000797127 0
0.00020955 0.000771973 0
0.000251181 0.00079672 0
0.000251537 0.000846621 0
0.000210261 0.000871774 0
0.00016863 0.000847027 0
0.000209906 0.000821874 0
0.000375504 0.00912991 0
0.000375596 0.00908029 0
0.000417126 0.00905527 0
0.000458563 0.00907987 0
0.00045847 0.0091295 0
0.000416941 0.00915452 0
0.000417033 0.00910489 0
0.000458563 0.00420371 0
0.000417126 0.00422831 0
0.000375596 0.00420329 0
0.000375504 0.00415367 0
0.000416941 0.00412906 0
0.00045847 0.00415408 0
0.000417033 0.00417869 0
0.000375497 0.00226424 0
0.000375587 0.00221461 0
0.000417117 0.00218959 0
0.000458559 0.0022142 0
0.000458469 0.00226382 0
0.000416939 0.00228884 0
0.000417028 0.00223922 0
0.000375497 0.00107021 0
0.000375587 0.00102058 0
0.000417117 0.000995564 0
0.000458559 0.00102017 0
0.000458469 0.00106979 0
0.000416939 0.00109481 0
0.000417028 0.00104519 0
4.14408e-05 0.00161719 0
8.28817e-05 0.00159258 0
0.000124414 0.0016176 0
0.000124505 0.00166723 0
8.30645e-05 0.00169183 0
4.15322e-05 0.00166681 0
8.29731e-05 0.00164221 0
4.30007e-05 0.00972885 0
8.60013e-05 0.0097562 0
8.60013e-05 0.00980596 0
4.30007e-05 0.00982835 0
4.30007e-05 0.0097786 0
0.000456999 0.000271151 0
0.000413999 0.000243795 0
0.000413999 0.000194044 0
0.000456999 0.000171649 0
0.000456999 0.0002214 0
0.000128297 0.00952779 0
0.000127335 0.00957796 0
8.42497e-05 0.00960284 0
4.21248e-05 0.00957754 0
4.30858e-05 0.00952736 0
8.61717e-05 0.00950249 0
8.52107e-05 0.00955266 0
0.000371703 0.000472213 0
0.000372665 0.000422039 0
0.00041575 0.000397163 0
0.000457875 0.000422462 0
0.000456914 0.000472637 0
0.000413828 0.000497512 0
0.000414789 0.000447338 0
0.000457875 0.00032296 0
0.00041575 0.000347412 0
0.00037275 0.000320056 0
0.000371874 0.000268247 0
0.000414875 0.000295604 0
4.21248e-05 0.00967704 0
8.42497e-05 0.00965259 0
0.00012725 0.00967994 0
0.000128126 0.00973175 0
8.51255e-05 0.0097044 0
4.21248e-05 0.00962729 0
0.000457875 0.000372711 0
0.000128505 0.000721855 0
0.000127752 0.000772068 0
8.46662e-05 0.000796943 0
4.23331e-05 0.000771606 0
4.30858e-05 0.000721393 0
8.61717e-05 0.000696517 0
8.54189e-05 0.00074673 0
8.46662e-05 0.000846695 0
4.23331e-05 0.000871108 0
4.23331e-05 0.000821357 0
0.000128505 0.00191588 0
0.000127752 0.0019661 0
8.46662e-05 0.00199097 0
4.23331e-05 0.00196564 0
4.30858e-05 0.00191542 0
8.61717e-05 0.00189055 0
8.54189e-05 0.00194076 0
0.000456914 0.00788557 0
0.000413828 0.0078607 0
0.000413828 0.00781095 0
0.000456914 0.00778607 0
0.000456914 0.00783582 0
0.000370742 0.00778607 0
0.000370742 0.00773632 0
0.000413828 0.00771144 0
0.000456914 0.00773632 0
0.000413828 0.00776119 0
0.000457523 0.00166674 0
0.000415046 0.00169168 0
0.000372188 0.0016672 0
0.000371808 0.00161778 0
0.000414285 0.00159283 0
0.000457143 0.00161731 0
0.000414666 0.00164226 0
0.000457498 0.000621915 0
0.000414996 0.000646814 0
0.00037191 0.000621939 0
0.000371326 0.000572163 0
0.000413828 0.000547264 0
0.000456914 0.000572139 0
0.000414412 0.000597039 0
4.28173e-05 0.00937811 0
8.56346e-05 0.00935324 0
0.00012872 0.00937812 0
0.000128989 0.00942786 0
8.61717e-05 0.00945274 0
4.30858e-05 0.00942786 0
8.59031e-05 0.00940299 0
0.000457498 0.000721417 0
0.000414996 0.000696565 0
0.000457498 0.000671666 0
0.000372519 0.00181604 0
0.000372544 0.00176633 0
0.000415046 0.00174143 0
0.000457523 0.00176624 0
0.000457498 0.00181594 0
0.000414996 0.00184084 0
0.000415021 0.00179114 0
8.46662e-05 0.00204072 0
4.23331e-05 0.00206514 0
4.23331e-05 0.00201539 0
4.30858e-05 0.00793532 0
8.61717e-05 0.0079602 0
8.61717e-05 0.00800995 0
4.30858e-05 0.00803483 0
4.30858e-05 0.00798507 0
0.000457498 0.00191545 0
0.000414996 0.0018906 0
0.000457498 0.0018657 0
4.25744e-05 0.00912942 0
8.51489e-05 0.00915436 0
8.51489e-05 0.00920411 0
4.25744e-05 0.00922892 0
4.25744e-05 0.00917917 0
0.000330906 0.00169255 0
0.000289243 0.00166847 0
0.000288863 0.00161905 0
0.000330145 0.0015937 0
0.000330526 0.00164313 0
0.000457523 0.00171649 0
0.000458156 0.00967611 0
0.000416312 0.00965073 0
0.000416312 0.00960098 0
0.000458156 0.00957661 0
0.000458156 0.00962636 0
4.28173e-05 0.00927861 0
8.56346e-05 0.00930349 0
4.28173e-05 0.00932836 0
0.000128518 0.00878156 0
0.000127778 0.00883177 0
8.46925e-05 0.00885664 0
4.23462e-05 0.00883131 0
4.30858e-05 0.00878109 0
8.61717e-05 0.00875622 0
8.54321e-05 0.00880643 0
0.000458103 0.00893063 0
0.000416206 0.00890604 0
0.000416206 0.00885629 0
0.000458103 0.00883113 0
0.000458103 0.00888088 0
8.46925e-05 0.0089064 0
4.23462e-05 0.00893081 0
4.23462e-05 0.00888106 0
0.000129258 0.00818408 0
0.000129258 0.00823383 0
8.61717e-05 0.00825871 0
4.30858e-05 0.00823383 0
4.30858e-05 0.00818408 0
8.61717e-05 0.0081592 0
8.61717e-05 0.00820896 0
0.000456914 0.00952736 0
0.000413828 0.00950249 0
0.000413828 0.00945274 0
0.000456914 0.00942786 0
0.000456914 0.00947761 0
0.000129258 0.00788557 0
0.000129258 0.00793532 0
4.30858e-05 0.00788557 0
8.61717e-05 0.0078607 0
8.61717e-05 0.00791045 0
0.000456914 0.00689055 0
0.000413828 0.00691542 0
0.000370742 0.00689055 0
0.000370742 0.0068408 0
0.000413828 0.00681592 0
0.000456914 0.0068408 0
0.000413828 0.00686567 0
0.000456914 0.00699005 0
0.000413828 0.00696517 0
0.000456914 0.0069403 0
4.18441e-05 0.000323886 0
8.36883e-05 0.000349265 0
8.36883e-05 0.000399016 0
4.18441e-05 0.000423389 0
4.18441e-05 0.000373637 0
0.000128044 0.00236318 0
0.00012825 0.00241294 0
8.56379e-05 0.00243781 0
4.2819e-05 0.00241294 0
4.26125e-05 0.00236318 0
8.5225e-05 0.00233831 0
8.54315e-05 0.00238806 0
0.000370742 0.00390547 0
0.000370742 0.00385572 0
0.000413828 0.00383085 0
0.000456914 0.00385572 0
0.000456914 0.00390547 0
0.000413828 0.00393035 0
0.000413828 0.0038806 0
0.000370742 0.00599502 0
0.000370742 0.00594527 0
0.000413828 0.0059204 0
0.000456914 0.00594527 0
0.000456914 0.00599502 0
0.000413828 0.0060199 0
0.000413828 0.00597015 0
0.000457466 0.004801 0
0.000414933 0.00482587 0
0.00037232 0.004801 0
0.000372241 0.00475124 0
0.000414775 0.00472637 0
0.000457387 0.00475124 0
0.000414854 0.00477612 0
0.000370742 0.00644279 0
0.000370742 0.00639303 0
0.000413828 0.00636816 0
0.000456914 0.00639303 0
0.000456914 0.00644279 0
0.000413828 0.00646766 0
0.000413828 0.00641791 0
0.000456914 0.00718905 0
0.000413828 0.00721393 0
0.000370742 0.00718905 0
0.000370742 0.0071393 0
0.000413828 0.00711443 0
0.000456914 0.0071393 0
0.000413828 0.00716418 0
0.000457498 0.00868162 0
0.000414996 0.00870652 0
0.00037191 0.00868164 0
0.000371326 0.00863186 0
0.000413828 0.00860697 0
0.000456914 0.00863184 0
0.000414412 0.00865674 0
0.000129258 0.00504975 0
0.000129258 0.0050995 0
8.61717e-05 0.00512438 0
4.30858e-05 0.0050995 0
4.30858e-05 0.00504975 0
8.61717e-05 0.00502488 0
8.61717e-05 0.00507463 0
0.000129258 0.00564677 0
0.000129258 0.00569652 0
8.61717e-05 0.00572139 0
4.30858e-05 0.00569652 0
4.30858e-05 0.00564677 0
8.61717e-05 0.00562189 0
8.61717e-05 0.00567164 0
0.000373226 0.00957611 0
0.000371984 0.00952686 0
0.00041507 0.00955174 0
4.30858e-05 0.00524876 0
8.61717e-05 0.00527363 0
8.61717e-05 0.00532338 0
4.30858e-05 0.00534826 0
4.30858e-05 0.00529851 0
0.000414775 0.00467662 0
0.000457387 0.00465174 0
0.000457387 0.00470149 0
0.000370742 0.00942786 0
0.000370742 0.00937811 0
0.000413828 0.00935323 0
0.000456914 0.00937811 0
0.000413828 0.00940299 0
4.25336e-05 0.0029602 0
8.50673e-05 0.00293532 0
0.00012768 0.0029602 0
0.000127759 0.00300995 0
8.5225e-05 0.00303483 0
4.26125e-05 0.00300995 0
8.51461e-05 0.00298507 0
4.30858e-05 0.00450249 0
8.61717e-05 0.00452736 0
8.61717e-05 0.00457711 0
4.30858e-05 0.00460199 0
4.30858e-05 0.00455224 0
0.000128061 0.00430223 0
0.00012755 0.00435191 0
8.46925e-05 0.00437719 0
4.23462e-05 0.00435277 0
4.28574e-05 0.00430309 0
8.57147e-05 0.00427782 0
8.52036e-05 0.0043275 0
4.25744e-05 0.00415416 0
8.51489e-05 0.00412922 0
0.000128006 0.0041537 0
0.000128289 0.00420312 0
8.57147e-05 0.00422806 0
4.28574e-05 0.00420358 0
8.54318e-05 0.00417864 0
0.000370742 0.00763682 0
0.000370742 0.00758706 0
0.000413828 0.00756219 0
0.000456914 0.00758706 0
0.000456914 0.00763682 0
0.000413828 0.00766169 0
0.000413828 0.00761194 0
0.000456914 0.00609453 0
0.000413828 0.00606965 0
0.000456914 0.00604478 0
0.000456914 0.00654229 0
0.000413828 0.00651741 0
0.000456914 0.00649254 0
0.000456914 0.00669154 0
0.000413828 0.00666667 0
0.000413828 0.00661692 0
0.000456914 0.00659204 0
0.000456914 0.00664179 0
4.30858e-05 0.00629353 0
8.61717e-05 0.00631841 0
8.61717e-05 0.00636816 0
4.30858e-05 0.00639303 0
4.30858e-05 0.00634328 0
4.30858e-05 0.00390547 0
8.61717e-05 0.00393035 0
8.61717e-05 0.0039801 0
4.30858e-05 0.00400498 0
4.30858e-05 0.00395522 0
0.000373704 0.00196576 0
0.000373099 0.00191575 0
0.000458103 0.00196546 0
0.000416206 0.00199062 0
0.000415601 0.00194061 0
0.000456914 0.00330846 0
0.000413828 0.00333333 0
0.000370742 0.00330846 0
0.000370742 0.00325871 0
0.000413828 0.00323383 0
0.000456914 0.00325871 0
0.000413828 0.00328358 0
0.000456914 0.00504975 0
0.000413828 0.00502488 0
0.000413828 0.00497512 0
0.000456914 0.00495025 0
0.000456914 0.005 0
0.000456914 0.00549751 0
0.000413828 0.00547264 0
0.000413828 0.00542289 0
0.000456914 0.00539801 0
0.000456914 0.00544776 0
0.000456914 0.00743781 0
0.000413828 0.00741294 0
0.000413828 0.00736318 0
0.000456914 0.00733831 0
0.000456914 0.00738806 0
0.000127966 0.00922899 0
0.000128209 0.00927868 0
8.53917e-05 0.0092538 0
4.30858e-05 0.00748756 0
8.61717e-05 0.00751244 0
8.61717e-05 0.00756219 0
4.30858e-05 0.00758706 0
4.30858e-05 0.00753731 0
4.30858e-05 0.00584577 0
8.61717e-05 0.00587065 0
8.61717e-05 0.0059204 0
4.30858e-05 0.00594527 0
4.30858e-05 0.00589552 0
4.30858e-05 0.00495025 0
8.61717e-05 0.00497512 0
4.30858e-05 0.005 0
0.000128044 0.00310945 0
0.00012825 0.0031592 0
8.56379e-05 0.00318408 0
4.2819e-05 0.0031592 0
4.26125e-05 0.00310945 0
8.5225e-05 0.00308458 0
8.54315e-05 0.00313433 0
4.30858e-05 0.00743781 0
8.61717e-05 0.00741294 0
0.000129258 0.00743781 0
0.000129258 0.00748756 0
8.61717e-05 0.00746269 0
4.30858e-05 0.00659204 0
8.61717e-05 0.00661692 0
8.61717e-05 0.00666667 0
4.30858e-05 0.00669154 0
4.30858e-05 0.00664179 0
4.26125e-05 0.0030597 0
4.30858e-05 0.00256219 0
8.61717e-05 0.00258706 0
8.61717e-05 0.00263682 0
4.30858e-05 0.00266169 0
4.30858e-05 0.00261194 0
4.26125e-05 0.00106965 0
8.5225e-05 0.00109453 0
8.5225e-05 0.00114428 0
4.26125e-05 0.00116915 0
4.26125e-05 0.0011194 0
4.30858e-05 0.000621891 0
8.61717e-05 0.000646766 0
4.30858e-05 0.000671642 0
0.000370742 0.00271144 0
0.000370742 0.00266169 0
0.000413828 0.00263682 0
0.000456914 0.00266169 0
0.000456914 0.00271144 0
0.000413828 0.00273632 0
0.000413828 0.00268657 0
0.000457466 0.0049005 0
0.000414933 0.00487562 0
0.000457466 0.00485075 0
0.000129258 0.00803483 0
0.000129258 0.00808458 0
8.61717e-05 0.00810945 0
4.30858e-05 0.00808458 0
8.61717e-05 0.0080597 0
4.2212e-05 0.00131844 0
8.4424e-05 0.0012936 0
0.000126321 0.00131876 0
0.000126007 0.00136876 0
8.37945e-05 0.0013936 0
4.18972e-05 0.00136844 0
8.41093e-05 0.0013436 0
0.000168686 0.00293532 0
0.000209771 0.0029602 0
0.00020985 0.00300995 0
0.000168844 0.00303483 0
0.000168765 0.00298507 0
0.000457498 0.00878112 0
0.000414996 0.00875627 0
0.000457498 0.00873137 0
4.30858e-05 0.005199 0
8.61717e-05 0.00517413 0
0.000129258 0.005199 0
0.000129258 0.00524876 0
8.61717e-05 0.00522388 0
4.2212e-05 0.00121894 0
8.4424e-05 0.00124385 0
4.2212e-05 0.00126869 0
0.000169305 0.00412835 0
0.000210887 0.00415243 0
0.00021117 0.00420185 0
0.000169871 0.0042272 0
0.000169588 0.00417777 0
0.000456914 0.00524876 0
0.000413828 0.00527363 0
0.000370742 0.00524876 0
0.000370742 0.005199 0
0.000413828 0.00517413 0
0.000456914 0.005199 0
0.000413828 0.00522388 0
0.000456914 0.00728856 0
0.000413828 0.00726368 0
0.000456914 0.00723881 0
4.30858e-05 0.0070398 0
8.61717e-05 0.00706468 0
8.61717e-05 0.00711443 0
4.30858e-05 0.0071393 0
4.30858e-05 0.00708955 0
0.000456914 0.00360697 0
0.000413828 0.00363184 0
0.000370742 0.00360697 0
0.000370742 0.00355721 0
0.000413828 0.00353234 0
0.000456914 0.00355721 0
0.000413828 0.00358209 0
4.30858e-05 0.000572139 0
8.61717e-05 0.000547264 0
0.000129258 0.000572139 0
0.000129258 0.000621891 0
8.61717e-05 0.000597015 0
0.000456914 0.00554726 0
0.000413828 0.00557214 0
0.000370742 0.00554726 0
0.000370742 0.00549751 0
0.000413828 0.00552239 0
0.000413828 0.00378109 0
0.000456914 0.00375622 0
0.000456914 0.00380597 0
8.61717e-05 0.00830846 0
4.30858e-05 0.00833333 0
4.30858e-05 0.00828358 0
0.000129258 0.00833333 0
0.000129258 0.00838308 0
8.61717e-05 0.00840796 0
4.30858e-05 0.00838308 0
8.61717e-05 0.00835821 0
0.000456914 0.00370647 0
0.000413828 0.00368159 0
0.000456914 0.00365672 0
0.000456914 0.00584577 0
0.000413828 0.00587065 0
0.000370742 0.00584577 0
0.000370742 0.00579602 0
0.000413828 0.00577114 0
0.000456914 0.00579602 0
0.000413828 0.0058209 0
0.000456914 0.00281095 0
0.000413828 0.00278607 0
0.000456914 0.00276119 0
0.000169871 0.00905639 0
0.00021117 0.00908173 0
0.000210887 0.00913116 0
0.000169305 0.00915523 0
0.000128006 0.00912988 0
0.000128289 0.00908046 0
0.000169588 0.00910581 0
0.000456914 0.00564677 0
0.000413828 0.00562189 0
0.000456914 0.00559701 0
4.30858e-05 0.00609453 0
8.61717e-05 0.00606965 0
0.000129258 0.00609453 0
0.000129258 0.00614428 0
8.61717e-05 0.00616915 0
4.30858e-05 0.00614428 0
8.61717e-05 0.0061194 0
4.30858e-05 0.00579602 0
8.61717e-05 0.00577114 0
0.000129258 0.00579602 0
0.000129258 0.00584577 0
8.61717e-05 0.0058209 0
0.000331314 0.00482587 0
0.000290229 0.004801 0
0.00029015 0.00475124 0
0.000331156 0.00472637 0
0.000331235 0.00477612 0
0.000458103 0.00206496 0
0.000416206 0.00204037 0
0.000458103 0.00201521 0
0.000413828 0.00318408 0
0.000456914 0.0031592 0
0.000456914 0.00320896 0
0.000456914 0.00614428 0
0.000413828 0.00616915 0
0.000370742 0.00614428 0
0.000370742 0.00609453 0
0.000413828 0.0061194 0
4.30858e-05 0.00514925 0
4.25744e-05 0.00405466 0
8.51489e-05 0.00407947 0
4.25744e-05 0.00410441 0
0.000373703 0.000771734 0
0.000373099 0.000721724 0
0.000458103 0.000771427 0
0.000416206 0.000796585 0
0.000415601 0.000746575 0
0.000129258 0.0071393 0
0.000129258 0.00718905 0
8.61717e-05 0.00721393 0
4.30858e-05 0.00718905 0
8.61717e-05 0.00716418 0
4.30858e-05 0.00624378 0
8.61717e-05 0.00621891 0
0.000129258 0.00624378 0
0.000129258 0.00629353 0
8.61717e-05 0.00626866 0
8.46925e-05 0.00442694 0
4.23462e-05 0.00445227 0
4.23462e-05 0.00440252 0
4.30858e-05 0.00375622 0
8.61717e-05 0.00378109 0
8.61717e-05 0.00383085 0
4.30858e-05 0.00385572 0
4.30858e-05 0.00380597 0
0.000414285 0.00154308 0
0.000457143 0.00151781 0
0.000457143 0.00156756 0
0.000370742 0.00659204 0
0.000370742 0.00654229 0
0.000413828 0.00656716 0
0.000127778 0.00445181 0
0.000128518 0.00450203 0
8.54321e-05 0.00447715 0
4.30858e-05 0.00345771 0
8.61717e-05 0.00348259 0
8.61717e-05 0.00353234 0
4.30858e-05 0.00355721 0
4.30858e-05 0.00350746 0
0.000456914 0.00256219 0
0.000413828 0.00258706 0
0.000370742 0.00256219 0
0.000370742 0.00251244 0
0.000413828 0.00248756 0
0.000456914 0.00251244 0
0.000413828 0.00253731 0
0.000129258 0.00848259 0
0.000129258 0.00853234 0
8.61717e-05 0.00855721 0
4.30858e-05 0.00853234 0
4.30858e-05 0.00848259 0
8.61717e-05 0.00845771 0
8.61717e-05 0.00850746 0
0.000413828 0.00348259 0
0.000456914 0.00345771 0
0.000456914 0.00350746 0
4.30858e-05 0.00539801 0
8.61717e-05 0.00542289 0
8.61717e-05 0.00547264 0
4.30858e-05 0.00549751 0
4.30858e-05 0.00544776 0
4.30858e-05 0.00330846 0
8.61717e-05 0.00333333 0
8.61717e-05 0.00338308 0
4.30858e-05 0.00340796 0
4.30858e-05 0.00335821 0
8.56379e-05 0.00323383 0
4.2819e-05 0.00325871 0
4.2819e-05 0.00320896 0
0.000128724 0.00325871 0
0.000128991 0.00330846 0
8.59048e-05 0.00328358 0
0.000413828 0.00631841 0
0.000456914 0.00629353 0
0.000456914 0.00634328 0
0.000370742 0.00629353 0
0.000370742 0.00624378 0
0.000413828 0.00621891 0
0.000456914 0.00624378 0
0.000413828 0.00626866 0
0.000370742 0.00793532 0
0.000370742 0.00788557 0
0.000456914 0.00793532 0
0.000413828 0.0079602 0
0.000413828 0.00791045 0
0.000129258 0.00758706 0
0.000129258 0.00763682 0
8.61717e-05 0.00766169 0
4.30858e-05 0.00763682 0
8.61717e-05 0.00761194 0
0.000127445 0.000871966 0
0.00012789 0.000921651 0
8.5557e-05 0.000946065 0
4.27785e-05 0.000920794 0
8.51116e-05 0.00089638 0
0.000129258 0.00549751 0
0.000129258 0.00554726 0
8.61717e-05 0.00557214 0
4.30858e-05 0.00554726 0
8.61717e-05 0.00552239 0
0.000129258 0.00385572 0
0.000129258 0.00390547 0
8.61717e-05 0.0038806 0
4.30858e-05 0.000472637 0
8.61717e-05 0.000497512 0
4.30858e-05 0.000522388 0
0.000413828 0.00243781 0
0.000456914 0.00241294 0
0.000456914 0.00246269 0
4.28155e-05 0.00271144 0
8.56311e-05 0.00273632 0
8.56311e-05 0.00278607 0
4.28155e-05 0.00281095 0
4.28155e-05 0.00276119 0
0.000458103 0.000870929 0
0.000416206 0.000846336 0
0.000458103 0.000821178 0
4.30858e-05 0.00574627 0
0.000457788 0.00450245 0
0.000415576 0.0045273 0
0.000373679 0.00450214 0
0.000373993 0.00445214 0
0.000416206 0.0044273 0
0.000458103 0.00445245 0
0.000415891 0.0044773 0
0.000129258 0.00340796 0
0.000129258 0.00345771 0
8.61717e-05 0.00343284 0
0.000456914 0.000522388 0
0.000456914 0.00131841 0
0.000413828 0.00129353 0
0.000413828 0.00124378 0
0.000456914 0.00121891 0
0.000456914 0.00126866 0
0.000457788 0.00460196 0
0.000415576 0.00457705 0
0.000457788 0.00455221 0
0.000413828 0.00512438 0
0.000456914 0.0050995 0
0.000456914 0.00514925 0
0.000370742 0.0050995 0
0.000370742 0.00504975 0
0.000413828 0.00507463 0
0.000413828 0.00676617 0
0.000456914 0.00674129 0
0.000456914 0.00679104 0
0.000413828 0.00706468 0
0.000456914 0.0070398 0
0.000456914 0.00708955 0
0.000370742 0.0070398 0
0.000370742 0.00699005 0
0.000413828 0.00701493 0
0.000456914 0.00768657 0
0.000456914 0.00803483 0
0.000413828 0.00800995 0
0.000456914 0.00798507 0
0.000413828 0.00855721 0
0.000456914 0.00853234 0
0.000456914 0.00858209 0
0.000128746 0.00400491 0
0.000128235 0.00405459 0
8.56603e-05 0.00402978 0
0.000456914 0.00589552 0
0.000370742 0.00674129 0
0.000370742 0.00669154 0
0.000413828 0.00671642 0
8.61717e-05 0.00726368 0
4.30858e-05 0.00728856 0
4.30858e-05 0.00723881 0
0.000128165 0.00281095 0
0.000127883 0.0028607 0
8.50673e-05 0.00288557 0
4.25336e-05 0.0028607 0
8.53492e-05 0.00283582 0
4.30858e-05 0.00947761 0
4.28574e-05 0.0089805 0
8.57147e-05 0.00900577 0
8.57147e-05 0.00905552 0
4.28574e-05 0.00908 0
4.28574e-05 0.00903025 0
4.30858e-05 0.00868159 0
8.61717e-05 0.00870647 0
4.30858e-05 0.00873134 0
4.30858e-05 0.00843284 0
4.30858e-05 0.00813433 0
4.30858e-05 0.00778607 0
8.61717e-05 0.00781095 0
4.30858e-05 0.00783582 0
4.30858e-05 0.00654229 0
8.61717e-05 0.00651741 0
0.000129258 0.00654229 0
0.000129258 0.00659204 0
8.61717e-05 0.00656716 0
4.25336e-05 0.00291045 0
0.000127445 0.002066 0
0.00012789 0.00211568 0
8.5557e-05 0.00214009 0
4.27785e-05 0.00211482 0
8.51116e-05 0.00209041 0
8.37945e-05 0.00144335 0
4.18972e-05 0.00146794 0
4.18972e-05 0.00141819 0
0.000370742 0.00853234 0
0.000370742 0.00848259 0
0.000413828 0.00845771 0
0.000456914 0.00848259 0
0.000413828 0.00850746 0
4.30858e-05 0.00733831 0
8.61717e-05 0.00736318 0
4.30858e-05 0.00738806 0
0.000129258 0.00355721 0
0.000129258 0.00360697 0
8.61717e-05 0.00363184 0
4.30858e-05 0.00360697 0
8.61717e-05 0.00358209 0
8.56379e-05 0.00248756 0
4.2819e-05 0.00251244 0
4.2819e-05 0.00246269 0
4.26125e-05 0.00226368 0
8.5225e-05 0.00228856 0
4.26125e-05 0.00231343 0
4.30858e-05 0.00181592 0
8.61717e-05 0.0018408 0
4.30858e-05 0.00186567 0
0.000370742 0.00733831 0
0.000370742 0.00728856 0
0.000413828 0.00731343 0
4.30858e-05 0.00619403 0
8.61717e-05 0.00368159 0
4.30858e-05 0.00370647 0
4.30858e-05 0.00365672 0
0.000127437 0.00116919 0
0.000127037 0.00121897 0
8.48245e-05 0.00119406 0
8.5557e-05 0.00218985 0
4.27785e-05 0.00221433 0
4.27785e-05 0.00216457 0
0.000126774 0.000423892 0
0.000128016 0.00047314 0
8.493e-05 0.000448264 0
0.000371295 0.00495025 0
0.000371847 0.0049005 0
0.000414381 0.00492537 0
0.000373703 0.00883144 0
0.000373099 0.00878143 0
0.000415601 0.00880628 0
0.000370742 0.00345771 0
0.000370742 0.00340796 0
0.000413828 0.00338308 0
0.000456914 0.00340796 0
0.000413828 0.00343284 0
0.000370742 0.00569652 0
0.000370742 0.00564677 0
0.000456914 0.00569652 0
0.000413828 0.00572139 0
0.000413828 0.00567164 0
0.000372563 0.00465171 0
0.000372963 0.00460192 0
0.000415175 0.00462683 0
0.000129258 0.00728856 0
0.000129258 0.00733831 0
8.61717e-05 0.00731343 0
0.000129258 0.00370647 0
0.000129258 0.00375622 0
8.61717e-05 0.00373134 0
0.000416206 0.00437754 0
0.000458103 0.00435295 0
0.000458103 0.0044027 0
0.000456914 0.00534826 0
0.000413828 0.00532338 0
0.000456914 0.00529851 0
0.000456914 0.00574627 0
4.30858e-05 0.00773632 0
8.61717e-05 0.00771144 0
0.000129258 0.00773632 0
0.000129258 0.00778607 0
8.61717e-05 0.00776119 0
4.30858e-05 0.00559701 0
4.28574e-05 0.00425334 0
0.000413828 0.00751244 0
0.000456914 0.00748756 0
0.000456914 0.00753731 0
0.000129258 0.00534826 0
0.000129258 0.00539801 0
8.61717e-05 0.00537313 0
0.000128724 0.00251244 0
0.000128991 0.00256219 0
8.59048e-05 0.00253731 0
0.000456914 0.00335821 0
0.000370742 0.00375622 0
0.000370742 0.00370647 0
0.000413828 0.00373134 0
0.000456914 0.00619403 0
0.000129258 0.00669154 0
0.000129258 0.00674129 0
8.61717e-05 0.00676617 0
4.30858e-05 0.00674129 0
8.61717e-05 0.00671642 0
0.000456914 0.00261194 0
0.000456914 0.00400498 0
0.000413828 0.0039801 0
0.000456914 0.00395522 0
8.54318e-05 0.00910494 0
0.000129258 0.00639303 0
0.000129258 0.00644279 0
8.61717e-05 0.00646766 0
4.30858e-05 0.00644279 0
8.61717e-05 0.00641791 0
0.000370742 0.00539801 0
0.000370742 0.00534826 0
0.000413828 0.00537313 0
4.30858e-05 0.00599502 0
8.61717e-05 0.0060199 0
4.30858e-05 0.00604478 0
0.000456914 0.00833333 0
0.000413828 0.00830846 0
0.000413828 0.00825871 0
0.000456914 0.00823383 0
0.000456914 0.00828358 0
0.000413828 0.00930348 0
0.000456914 0.00927861 0
0.000456914 0.00932836 0
4.30858e-05 0.00689055 0
8.61717e-05 0.00691542 0
8.61717e-05 0.00696517 0
4.30858e-05 0.00699005 0
4.30858e-05 0.0069403 0
0.000129258 0.00594527 0
0.000129258 0.00599502 0
8.61717e-05 0.00597015 0
0.000128987 0.00266169 0
0.000128717 0.00271144 0
8.59014e-05 0.00268657 0
8.5557e-05 0.000995816 0
4.27785e-05 0.0010203 0
4.27785e-05 0.000970545 0
0.000456914 0.00838308 0
0.000413828 0.00840796 0
0.000370742 0.00838308 0
0.000370742 0.00833333 0
0.000413828 0.00835821 0
0.000371939 0.00151867 0
0.00037245 0.00146898 0
0.000415308 0.00144371 0
0.000457654 0.00146812 0
0.000414796 0.00149339 0
0.000169706 0.0021907 0
0.000211077 0.00221604 0
0.000210911 0.0022654 0
0.000169374 0.00228941 0
0.000128004 0.00226408 0
0.000128169 0.00221472 0
0.00016954 0.00224006 0
4.30858e-05 0.00649254 0
0.00012755 0.00893167 0
0.000128061 0.00898135 0
8.52036e-05 0.00895608 0
8.61717e-05 0.00860697 0
4.30858e-05 0.00863184 0
4.30858e-05 0.00858209 0
0.000370742 0.00748756 0
0.000370742 0.00743781 0
0.000413828 0.00746269 0
8.61717e-05 0.00681592 0
4.30858e-05 0.0068408 0
4.30858e-05 0.00679104 0
0.000415308 0.00139396 0
0.000457654 0.00136862 0
0.000457654 0.00141837 0
0.000372222 0.00136908 0
0.000371482 0.00131887 0
0.000414568 0.00134375 0
0.000129258 0.0068408 0
0.000129258 0.00689055 0
8.61717e-05 0.00686567 0
0.000129258 0.00863184 0
0.000129258 0.00868159 0
8.61717e-05 0.00865672 0
0.000456914 0.00843284 0
4.30858e-05 0.00768657 0
0.000169706 0.000996674 0
0.000211077 0.00102201 0
0.000210911 0.00107137 0
0.000169374 0.00109538 0
0.000128004 0.00107005 0
0.000128169 0.00102069 0
0.00016954 0.00104603 0
0.000129258 0.00699005 0
0.000129258 0.0070398 0
8.61717e-05 0.00701493 0
8.5391e-05 0.0022392 0
0.000456914 0.00808458 0
0.000413828 0.00810945 0
0.000370742 0.00808458 0
0.000370742 0.00803483 0
0.000413828 0.0080597 0
8.5391e-05 0.00104517 0
0.000456914 0.00818408 0
0.000413828 0.0081592 0
0.000456914 0.00813433 0
0.000370742 0.00823383 0
0.000370742 0.00818408 0
0.000413828 0.00820896 0
0.000456999 0.00982844 0
0.000413997 0.00980613 0
0.000413997 0.00975638 0
0.000456999 0.00972893 0
0.000456999 0.00977869 0
4.30015e-05 0.000171563 0
8.6003e-05 0.000193872 0
8.6003e-05 0.000243623 0
4.30015e-05 0.000271065 0
4.30015e-05 0.000221314 0
0.000334615 0.00422744 0
0.000293542 0.00420197 0
0.000293449 0.00415235 0
0.00033443 0.0041282 0
0.000334523 0.00417782 0
0.000293524 0.00221591 0
0.0003346 0.00219045 0
0.000334421 0.0022897 0
0.000293435 0.00226554 0
0.000334511 0.00224008 0
0.000165408 0.00159345 0
0.000206494 0.00161893 0
0.000206586 0.00166855 0
0.000165591 0.0016927 0
0.0001655 0.00164308 0
0.000293524 0.00102188 0
0.0003346 0.000996421 0
0.000334421 0.00109567 0
0.000293435 0.00107151 0
0.000334511 0.00104605 0
0.000293542 0.00908161 0
0.000334615 0.00905614 0
0.00033443 0.00915539 0
0.000293449 0.00913123 0
0.000334523 0.00910576 0
0.0001668 0.00139379 0
0.000207908 0.00136881 0
0.000207275 0.00146861 0
0.000166483 0.00144369 0
0.000207591 0.00141871 0
0.000291987 0.00196582 0
0.000333148 0.0019908 0
0.000333503 0.0020407 0
0.000292698 0.00206563 0
0.000292342 0.00201572 0
0.000291986 0.000771794 0
0.000333147 0.000796769 0
0.000333503 0.000846669 0
0.000292698 0.000871595 0
0.000292342 0.000821695 0
0.000333201 0.00442711 0
0.000292093 0.00445208 0
0.000292731 0.00435228 0
0.000333519 0.00437721 0
0.000292412 0.00440218 0
0.000291996 0.0088315 0
0.000333152 0.00885647 0
0.000333519 0.00890637 0
0.000292731 0.0089313 0
0.000292363 0.0088814 0
0.000330307 0.00154341 0
0.000289187 0.00151848 0
0.000330819 0.00149373 0
0.000169695 0.00427748 0
0.000210818 0.00430242 0
0.000169184 0.00432717 0
0.000416941 0.00407931 0
0.00045847 0.00405458 0
0.00045847 0.00410433 0
0.000458469 0.0011693 0
0.000416939 0.00114456 0
0.000458469 0.00111955 0
0.000458469 0.00236333 0
0.000416939 0.00233859 0
0.000458469 0.00231358 0
8.343e-05 0.00488037 0
4.1715e-05 0.00490287 0
4.1715e-05 0.00485312 0
0.000458285 0.00311183 0
0.00041657 0.00308933 0
0.000458285 0.00306208 0
4.1715e-05 0.00464937 0
8.343e-05 0.00467187 0
4.1715e-05 0.00469912 0
0.00041657 0.00288082 0
0.000458285 0.00285832 0
0.000458285 0.00290807 0
8.30645e-05 0.00174158 0
4.15322e-05 0.00176631 0
4.15322e-05 0.00171656 0
0.00045847 0.009229 0
0.000416941 0.00920427 0
0.00045847 0.00917925 0
0.000210818 0.00898116 0
0.000169695 0.0090061 0
0.000169184 0.00895642 0
0.000210707 0.00211549 0
0.000169521 0.00214043 0
0.000169076 0.00209074 0
0.000210707 0.00092146 0
0.000169521 0.000946398 0
0.000169076 0.000896713 0
0.000251644 0.00915597 0
0.00025082 0.00920485 0
0.000209238 0.00922892 0
0.000168481 0.00920411 0
0.000210062 0.00918004 0
0.000331714 0.00174143 0
0.000290859 0.00176624 0
0.000249197 0.00174216 0
0.000248388 0.00169328 0
0.000290051 0.00171736 0
0.000458559 0.000920667 0
0.000417117 0.000945812 0
0.00037522 0.000921219 0
0.000374764 0.000871481 0
0.000416661 0.000896074 0
0.00025163 0.00229027 0
0.000250813 0.00233917 0
0.000209276 0.00236318 0
0.000168557 0.00233831 0
0.000210094 0.00231429 0
0.000331601 0.00487562 0
0.000290803 0.0049005 0
0.000249718 0.00487562 0
0.000249431 0.00482587 0
0.000290516 0.00485075 0
0.00025163 0.00109624 0
0.000250813 0.00114514 0
0.000209276 0.00116915 0
0.000168557 0.00114428 0
0.000210094 0.00112026 0
0.000168399 0.00288557 0
0.000209197 0.0028607 0
0.000250282 0.00288557 0
0.000250569 0.00293532 0
0.000209484 0.00291045 0
0.000250569 0.00303483 0
0.000250282 0.00308458 0
0.000209276 0.00310945 0
0.000168557 0.00308458 0
0.000209563 0.0030597 0
0.000374768 0.0043524 0
0.000375228 0.00430266 0
0.000417126 0.00427806 0
0.000458563 0.00430321 0
0.000416666 0.0043278 0
0.000168481 0.00407947 0
0.000209238 0.00405466 0
0.00025082 0.00407873 0
0.000251644 0.00412762 0
0.000210062 0.00410354 0
0.000125235 0.0014685 0
0.000124779 0.00151824 0
8.28817e-05 0.00154283 0
4.14408e-05 0.00151768 0
8.33381e-05 0.00149309 0
0.000249431 0.00472637 0
0.000249718 0.00467662 0
0.000290724 0.00465174 0
0.000331443 0.00467662 0
0.000290437 0.00470149 0
0.000458563 0.00898037 0
0.000417126 0.00900552 0
0.000375228 0.00898093 0
0.000374768 0.00893119 0
0.000416666 0.00895578 0
0.000458559 0.0021147 0
0.000417117 0.00213984 0
0.00037522 0.00211525 0
0.000374764 0.00206551 0
0.000416661 0.0020901 0
0.000372153 0.009731 0
0.00037331 0.00967818 0
0.000415154 0.00970356 0
0.000127847 0.000269002 0
0.00012669 0.000321823 0
8.48456e-05 0.000296444 0
0.000332374 0.000349013 0
0.000291122 0.000326161 0
0.000290246 0.000274353 0
0.000330622 0.000245396 0
0.000331498 0.000297204 0
0.000167626 0.00965099 0
0.000208878 0.00967384 0
0.000209754 0.00972565 0
0.000169378 0.0097546 0
0.000168502 0.0097028 0
0.000333606 0.00920427 0
0.000291801 0.009229 0
0.000292625 0.00918012 0
0.000208202 0.00176631 0
0.000166399 0.00174158 0
0.000207394 0.00171743 0
0.000334415 0.000946145 0
0.000293154 0.000921333 0
0.000333959 0.000896407 0
0.000333604 0.00233859 0
0.000291799 0.00236333 0
0.000292617 0.00231443 0
0.000333604 0.00114456 0
0.000291799 0.0011693 0
0.000292617 0.0011204 0
0.000208385 0.00490287 0
0.000166765 0.00488037 0
0.000208098 0.00485312 0
0.000291615 0.00285832 0
0.000333235 0.00288082 0
0.000291902 0.00290807 0
0.000293191 0.00430254 0
0.000334439 0.00427773 0
0.000333979 0.00432747 0
0.000333235 0.00308933 0
0.000291615 0.00311183 0
0.000291902 0.00306208 0
0.000334415 0.00214018 0
0.000293154 0.00211536 0
0.000333959 0.00209044 0
0.000206818 0.00151835 0
0.000165571 0.00154317 0
0.000166027 0.00149343 0
0.000166765 0.00467187 0
0.000208385 0.00464937 0
0.000208098 0.00469912 0
0.000291801 0.00405458 0
0.000333606 0.00407931 0
0.000292625 0.00410346 0
0.000334439 0.00900585 0
0.000293191 0.00898104 0
0.000333979 0.00895611 0
0.000372299 0.00927875 0
0.000373855 0.00922915 0
0.000415385 0.00925388 0
0.000372298 0.00121905 0
0.000373853 0.00116944 0
0.000415383 0.00119417 0
0.000372298 0.00241308 0
0.000373853 0.00236347 0
0.000415383 0.0023882 0
0.000127887 0.00459962 0
0.000126516 0.00464699 0
8.48008e-05 0.00462449 0
0.000252293 0.00422678 0
0.000252117 0.00427707 0
0.000210994 0.00425213 0
0.000252077 0.000946797 0
0.000252263 0.000997073 0
0.000210892 0.000971735 0
0.00012615 0.00176646 0
0.000127704 0.00181607 0
8.46181e-05 0.00179119 0
0.000126516 0.00490525 0
0.000127887 0.00495262 0
8.48008e-05 0.00492775 0
0.000247742 0.00159411 0
0.000247904 0.00154383 0
0.000289025 0.00156876 0
0.000372113 0.00316158 0
0.000373484 0.0031142 0
0.000415199 0.0031367 0
0.000252077 0.00214083 0
0.000252263 0.0021911 0
0.000210892 0.00216577 0
0.000373855 0.00405444 0
0.000372299 0.00400483 0
0.000415385 0.00402971 0
0.000373484 0.00285595 0
0.000372113 0.00280857 0
0.000415199 0.00283345 0
0.000252117 0.00900651 0
0.000252293 0.0090568 0
0.000210994 0.00903145 0
0.000167562 0.00960287 0
0.00020875 0.0095776 0
0.000250002 0.00960046 0
0.000250066 0.00964857 0
0.000208814 0.00962572 0
0.000332438 0.00039713 0
0.00029125 0.000422395 0
0.000249998 0.000399544 0
0.000249934 0.000351427 0
0.000291186 0.000374278 0
0.000169484 0.00950252 0
0.000209711 0.00952743 0
0.000168523 0.0095527 0
0.000330516 0.000497479 0
0.000290289 0.00047257 0
0.000331477 0.000447304 0
0.000250041 0.000497446 0
0.000250021 0.00054723 0
0.000209753 0.000572139 0
0.000169505 0.000547264 0
0.000169526 0.000497479 0
0.000209794 0.00047257 0
0.000209773 0.000522355 0
0.000249959 0.00950255 0
0.000249979 0.00945277 0
0.000290247 0.00942786 0
0.000330495 0.00945274 0
0.000330474 0.00950252 0
0.000290206 0.00952743 0
0.000290227 0.00947765 0
0.000352834 3.38261e-05 0
0.000330668 6.76522e-05 0
0.000289001 6.76522e-05 0
0.000269501 3.38261e-05 0
0.000311167 3.38261e-05 0
0.000147166 0.00996617 0
0.000169332 0.00993235 0
0.000210999 0.00993235 0
0.000230499 0.00996617 0
0.000188833 0.00996617 0
0.000291448 0.00957668 0
0.000332958 0.00960102 0
0.000333022 0.00964913 0
0.000291576 0.00967291 0
0.000291512 0.0096248 0
0.000208552 0.000423322 0
0.000167042 0.000398983 0
0.000166978 0.000350866 0
0.000208424 0.000327088 0
0.000208488 0.000375205 0
0.000169505 0.00945274 0
0.000209753 0.00942786 0
0.000209732 0.00947765 0
0.000330495 0.000547264 0
0.000290247 0.000572139 0
0.000290268 0.000522355 0
0.000168284 0.000448231 0
0.000331716 0.00955177 0
0.000250659 0.00452699 0
0.000250332 0.00457693 0
0.000209756 0.00460199 0
0.000169507 0.00457711 0
0.000169834 0.00452718 0
0.00021041 0.00450212 0
0.000210083 0.00455205 0
0.000249998 0.00323383 0
0.000249997 0.00318408 0
0.000290244 0.0031592 0
0.000330493 0.00318408 0
0.000330495 0.00323383 0
0.000290247 0.00325871 0
0.000290246 0.00320896 0
0.000249998 0.00248756 0
0.000249997 0.00243781 0
0.000290244 0.00241294 0
0.000330493 0.00243781 0
0.000330495 0.00248756 0
0.000290247 0.00251244 0
0.000290246 0.00246269 0
0.000249342 0.0012939 0
0.000249669 0.00124397 0
0.000290244 0.00121891 0
0.000330493 0.00124378 0
0.000330167 0.00129372 0
0.000289591 0.00131878 0
0.000289918 0.00126884 0
0.000330493 0.00278607 0
0.000290244 0.00281095 0
0.000249997 0.00278607 0
0.000249998 0.00273632 0
0.000290247 0.00271144 0
0.000330495 0.00273632 0
0.000290246 0.00276119 0
0.000330493 0.0039801 0
0.000290244 0.00400498 0
0.000249996 0.0039801 0
0.000249998 0.00393035 0
0.000290247 0.00390547 0
0.000330495 0.00393035 0
0.000290246 0.00395522 0
0.000169507 0.00497512 0
0.000209756 0.00495025 0
0.000250004 0.00497512 0
0.000250002 0.00502488 0
0.000209753 0.00504975 0
0.000169505 0.00502488 0
0.000209754 0.005 0
0.000249998 0.00935323 0
0.000249997 0.00930348 0
0.000290244 0.00927861 0
0.000330493 0.00930348 0
0.000330495 0.00935323 0
0.000290247 0.00937811 0
0.000290246 0.00932836 0
0.000169507 0.0018408 0
0.000209756 0.00181592 0
0.000250279 0.00184098 0
0.000250552 0.00189091 0
0.000210303 0.00191579 0
0.00016978 0.00189073 0
0.000210029 0.00186586 0
0.00025 0.00781095 0
0.00025 0.0078607 0
0.000209753 0.00788557 0
0.000169505 0.0078607 0
0.000169505 0.00781095 0
0.000209753 0.00778607 0
0.000209753 0.00783582 0
0.000209753 0.00793532 0
0.000169505 0.0079602 0
0.000169505 0.00791045 0
0.000330495 0.0078607 0
0.000290247 0.00788557 0
0.000290247 0.00778607 0
0.000330495 0.00781095 0
0.000290247 0.00783582 0
0.000168968 0.00935324 0
0.000209484 0.00937811 0
0.000169236 0.00940299 0
0.00025 0.00840796 0
0.00025 0.00845771 0
0.000209753 0.00848259 0
0.000169505 0.00845771 0
0.000169505 0.00840796 0
0.000209753 0.00838308 0
0.000209753 0.00843284 0
0.00025 0.00830846 0
0.00025 0.00825871 0
0.000290247 0.00823383 0
0.000330495 0.00825871 0
0.000330495 0.00830846 0
0.000290247 0.00833333 0
0.000290247 0.00828358 0
0.000290247 0.00773632 0
0.000330495 0.00771144 0
0.000330495 0.00776119 0
0.000330495 0.00845771 0
0.000290247 0.00848259 0
0.000290247 0.00838308 0
0.000330495 0.00840796 0
0.000290247 0.00843284 0
0.000169505 0.00825871 0
0.000209753 0.00823383 0
0.000209753 0.00833333 0
0.000169505 0.00830846 0
0.000209753 0.00828358 0
0.000330495 0.00855721 0
0.000290247 0.00853234 0
0.000330495 0.00850746 0
0.000169505 0.00711443 0
0.000209753 0.0071393 0
0.000209753 0.00718905 0
0.000169505 0.00721393 0
0.000169505 0.00716418 0
0.000169505 0.00855721 0
0.000209753 0.00853234 0
0.00025 0.00855721 0
0.00025 0.00860697 0
0.000209753 0.00863184 0
0.000169505 0.00860697 0
0.000209753 0.00858209 0
0.00025 0.00517413 0
0.000250001 0.00512438 0
0.000290248 0.0050995 0
0.000330495 0.00512438 0
0.000330495 0.00517413 0
0.000290247 0.005199 0
0.000290248 0.00514925 0
0.000331663 0.000646814 0
0.000290831 0.000621915 0
0.000331079 0.000597039 0
0.000169505 0.00756219 0
0.000209753 0.00758706 0
0.000209753 0.00763682 0
0.000169505 0.00766169 0
0.000169505 0.00761194 0
0.000330495 0.00636816 0
0.000290247 0.00639303 0
0.00025 0.00636816 0
0.00025 0.00631841 0
0.000290247 0.00629353 0
0.000330495 0.00631841 0
0.000290247 0.00634328 0
0.000169505 0.00751244 0
0.000209753 0.00748756 0
0.00025 0.00751244 0
0.00025 0.00756219 0
0.000209753 0.00753731 0
0.000330495 0.00562189 0
0.000290247 0.00564677 0
0.00025 0.00562189 0
0.00025 0.00557214 0
0.000290247 0.00554726 0
0.000330495 0.00557214 0
0.000290247 0.00559701 0
0.00025 0.0060199 0
0.00025 0.00606965 0
0.000209753 0.00609453 0
0.000169505 0.00606965 0
0.000169505 0.0060199 0
0.000209753 0.00599502 0
0.000209753 0.00604478 0
0.000330495 0.00606965 0
0.000290247 0.00609453 0
0.000290247 0.00599502 0
0.000330495 0.0060199 0
0.000290247 0.00604478 0
0.00025 0.00676617 0
0.00025 0.00681592 0
0.000209753 0.0068408 0
0.000169505 0.00681592 0
0.000169505 0.00676617 0
0.000209753 0.00674129 0
0.000209753 0.00679104 0
0.000209753 0.00564677 0
0.000169505 0.00562189 0
0.000169505 0.00557214 0
0.000209753 0.00554726 0
0.000209753 0.00559701 0
0.000290247 0.00594527 0
0.000330495 0.0059204 0
0.000330495 0.00597015 0
0.000169505 0.00666667 0
0.000209753 0.00669154 0
0.000169505 0.00671642 0
0.000330906 0.00134393 0
0.000330495 0.00527363 0
0.000290247 0.00524876 0
0.000330495 0.00522388 0
0.000169505 0.00741294 0
0.000209753 0.00743781 0
0.000169505 0.00746269 0
0.00025 0.00691542 0
0.00025 0.00696517 0
0.000209753 0.00699005 0
0.000169505 0.00696517 0
0.000169505 0.00691542 0
0.000209753 0.00689055 0
0.000209753 0.0069403 0
0.000290247 0.00549751 0
0.000330495 0.00547264 0
0.000330495 0.00552239 0
0.000330495 0.00860697 0
0.000290247 0.00863184 0
0.000290247 0.00858209 0
0.00025 0.00363184 0
0.00025 0.00368159 0
0.000209752 0.00370647 0
0.000169505 0.00368159 0
0.000169505 0.00363184 0
0.000209753 0.00360697 0
0.000209752 0.00365672 0
0.00025 0.00353234 0
0.00025 0.00348259 0
0.000290247 0.00345771 0
0.000330495 0.00348259 0
0.000330495 0.00353234 0
0.000290247 0.00355721 0
0.000290247 0.00350746 0
0.000330495 0.00333333 0
0.000290247 0.00330846 0
0.000330495 0.00328358 0
0.000169505 0.00532338 0
0.000209753 0.00534826 0
0.000209753 0.00539801 0
0.000169505 0.00542289 0
0.000169505 0.00537313 0
0.000330495 0.00736318 0
0.000290247 0.00733831 0
0.000290247 0.00728856 0
0.000330495 0.00726368 0
0.000330495 0.00731343 0
0.000330495 0.00835821 0
0.00025 0.0059204 0
0.00025 0.00587065 0
0.000290247 0.00584577 0
0.000330495 0.00587065 0
0.000290247 0.00589552 0
0.000290247 0.00748756 0
0.000330495 0.00751244 0
0.000330495 0.00756219 0
0.000290247 0.00758706 0
0.000290247 0.00753731 0
0.000169505 0.00726368 0
0.000209753 0.00728856 0
0.000209753 0.00733831 0
0.000169505 0.00736318 0
0.000169505 0.00731343 0
0.000169505 0.00348259 0
0.000209753 0.00345771 0
0.000209753 0.00355721 0
0.000169505 0.00353234 0
0.000209753 0.00350746 0
0.000330495 0.00646766 0
0.000290247 0.00644279 0
0.000330495 0.00641791 0
0.00025 0.00646766 0
0.00025 0.00651741 0
0.000209753 0.00654229 0
0.000169505 0.00651741 0
0.000169505 0.00646766 0
0.000209753 0.00644279 0
0.000209753 0.00649254 0
0.000330495 0.00766169 0
0.000290247 0.00763682 0
0.000330495 0.00761194 0
0.00025 0.00547264 0
0.00025 0.00542289 0
0.000290247 0.00539801 0
0.000330495 0.00542289 0
0.000290247 0.00544776 0
0.000290247 0.00266169 0
0.000330495 0.00263682 0
0.000330495 0.00268657 0
0.000290248 0.00504975 0
0.000330495 0.00502488 0
0.000330495 0.00507463 0
0.000209753 0.00868159 0
0.000169505 0.00870647 0
0.000169505 0.00865672 0
0.000209752 0.00375622 0
0.000169505 0.00378109 0
0.000169505 0.00373134 0
0.000330495 0.00258706 0
0.000290247 0.00256219 0
0.000330495 0.00253731 0
0.000209753 0.00569652 0
0.000169505 0.00572139 0
0.000169505 0.00567164 0
0.000330495 0.00676617 0
0.000290247 0.00674129 0
0.000290247 0.00669154 0
0.000330495 0.00666667 0
0.000330495 0.00671642 0
0.000169505 0.00383085 0
0.000209752 0.00385572 0
0.000209752 0.00390547 0
0.000169505 0.00393035 0
0.000169505 0.0038806 0
0.000290247 0.00624378 0
0.000330495 0.00621891 0
0.000330495 0.00626866 0
0.00025 0.00263682 0
0.00025 0.00258706 0
0.000290247 0.00261194 0
0.000169505 0.00771144 0
0.000209753 0.00773632 0
0.000169505 0.00776119 0
0.000169505 0.0059204 0
0.000209753 0.00594527 0
0.000169505 0.00597015 0
0.000169505 0.0081592 0
0.000209753 0.00818408 0
0.000169505 0.00820896 0
0.000332571 0.00452711 0
0.000291779 0.00450208 0
0.000332886 0.00447711 0
0.000330495 0.00651741 0
0.000290247 0.00654229 0
0.000290247 0.00649254 0
0.00025 0.00721393 0
0.00025 0.00726368 0
0.000209753 0.00723881 0
0.000169785 0.0087564 0
0.000210313 0.00878146 0
0.000169045 0.00880662 0
0.000169505 0.00621891 0
0.000209753 0.00624378 0
0.000209753 0.00629353 0
0.000169505 0.00631841 0
0.000169505 0.00626866 0
0.000290247 0.00340796 0
0.000330495 0.00338308 0
0.000330495 0.00343284 0
0.00025 0.00766169 0
0.00025 0.00771144 0
0.000209753 0.00768657 0
0.000330495 0.00696517 0
0.000290247 0.00699005 0
0.000290247 0.00689055 0
0.000330495 0.00691542 0
0.000290247 0.0069403 0
0.00025 0.00666667 0
0.00025 0.00661692 0
0.000290247 0.00659204 0
0.000330495 0.00661692 0
0.000290247 0.00664179 0
0.000169505 0.00835821 0
0.000290247 0.00579602 0
0.000330495 0.00577114 0
0.000330495 0.0058209 0
0.000290247 0.00534826 0
0.000330495 0.00532338 0
0.000330495 0.00537313 0
0.00025 0.00532338 0
0.00025 0.00527363 0
0.000290247 0.00529851 0
0.00025028 0.00870665 0
0.00025056 0.00875659 0
0.000210033 0.00873153 0
0.00025 0.00741294 0
0.00025 0.00736318 0
0.000330495 0.00741294 0
0.000290247 0.00743781 0
0.000290247 0.00738806 0
0.00025 0.00333333 0
0.00025 0.00338308 0
0.000209753 0.00340796 0
0.000169505 0.00338308 0
0.000169505 0.00333333 0
0.000209753 0.00330846 0
0.000209753 0.00335821 0
0.000330495 0.00810945 0
0.000290247 0.00808458 0
0.000290247 0.00803483 0
0.000330495 0.00800995 0
0.000330495 0.0080597 0
0.00025 0.00378109 0
0.000249999 0.00383085 0
0.000209752 0.00380597 0
0.000168971 0.00323383 0
0.000209486 0.00325871 0
0.000169238 0.00328358 0
0.000290247 0.00385572 0
0.000330495 0.00383085 0
0.000330495 0.0038806 0
0.000169028 0.00194094 0
0.000169505 0.00661692 0
0.000209753 0.00659204 0
0.000209753 0.00664179 0
0.000209753 0.0070398 0
0.000169505 0.00706468 0
0.000169505 0.00701493 0
0.000169505 0.00512438 0
0.000209753 0.0050995 0
0.000209753 0.005199 0
0.000169505 0.00517413 0
0.000209753 0.00514925 0
0.000209753 0.000621891 0
0.000169505 0.000646766 0
0.000169505 0.000597015 0
0.000169505 0.00850746 0
0.000330495 0.00681592 0
0.000290247 0.0068408 0
0.000290247 0.00679104 0
0.000169505 0.00527363 0
0.000209753 0.00524876 0
0.000209753 0.00529851 0
0.000209753 0.00738806 0
0.000290247 0.00335821 0
0.000330495 0.00368159 0
0.000290247 0.00370647 0
0.000290247 0.00360697 0
0.000330495 0.00363184 0
0.000290247 0.00365672 0
0.000169505 0.00656716 0
0.000291391 0.00878149 0
0.000331943 0.00875645 0
0.000332547 0.00880646 0
0.00025 0.00706468 0
0.00025 0.00711443 0
0.000209753 0.00708955 0
0.000169505 0.00507463 0
0.000169505 0.00343284 0
0.000169505 0.00358209 0
0.000330495 0.00358209 0
0.000169094 0.00447696 0
0.000169505 0.00636816 0
0.000209753 0.00639303 0
0.000169505 0.00641791 0
0.000330495 0.00721393 0
0.000290247 0.00718905 0
0.000290247 0.0071393 0
0.000330495 0.00711443 0
0.000330495 0.00716418 0
0.000330495 0.00746269 0
0.000330495 0.00572139 0
0.000290247 0.00569652 0
0.000330495 0.00567164 0
0.000209753 0.00614428 0
0.000169505 0.00616915 0
0.000169505 0.0061194 0
0.000169505 0.00800995 0
0.000209753 0.00803483 0
0.000209753 0.00808458 0
0.000169505 0.00810945 0
0.000169505 0.0080597 0
0.000290247 0.00818408 0
0.000330495 0.0081592 0
0.000330495 0.00820896 0
0.000209753 0.00266169 0
0.000169505 0.00263682 0
0.000169505 0.00258706 0
0.000209753 0.00256219 0
0.000209753 0.00261194 0
0.000169505 0.00547264 0
0.000209753 0.00549751 0
0.000169505 0.00552239 0
0.000209753 0.00634328 0
0.000330495 0.00686567 0
0.000330495 0.00616915 0
0.000290247 0.00614428 0
0.000330495 0.0061194 0
0.000169505 0.00522388 0
0.000291382 0.00191581 0
0.000331938 0.00189078 0
0.000332543 0.00194079 0
0.000330495 0.00656716 0
0.000209753 0.00544776 0
0.000290247 0.00768657 0
0.000169505 0.00577114 0
0.000209753 0.00579602 0
0.000209753 0.00584577 0
0.000169505 0.00587065 0
0.000169505 0.0058209 0
0.00025 0.0081592 0
0.00025 0.00810945 0
0.000290247 0.00813433 0
0.000209753 0.00589552 0
0.00016978 0.000696701 0
0.000210303 0.00072176 0
0.000169027 0.000746914 0
0.000168971 0.00248756 0
0.000209486 0.00251244 0
0.000169238 0.00253731 0
0.000209482 0.00271144 0
0.000168964 0.00273632 0
0.000169235 0.00268657 0
0.000330495 0.00378109 0
0.000290247 0.00375622 0
0.000330495 0.00373134 0
0.000291381 0.000721784 0
0.000331938 0.000696749 0
0.000332542 0.000746759 0
0.000169505 0.00686567 0
0.000330495 0.00706468 0
0.000290247 0.0070398 0
0.000330495 0.00701493 0
0.00025 0.00616915 0
0.00025 0.00621891 0
0.000209753 0.00619403 0
0.000290247 0.00723881 0
0.000167429 0.00129379 0
0.000208222 0.00131881 0
0.000167114 0.00134379 0
0.000290247 0.00380597 0
0.00025 0.00572139 0
0.00025 0.00577114 0
0.000209753 0.00574627 0
0.000290247 0.00574627 0
0.000290247 0.00619403 0
0.000290247 0.00708955 0
0.00025 0.0079602 0
0.00025 0.00800995 0
0.000209753 0.00798507 0
0.000331663 0.00870652 0
0.000290831 0.00868162 0
0.000331079 0.00865674 0
0.000290247 0.00793532 0
0.000330495 0.0079602 0
0.000290247 0.00798507 0
0.000209753 0.00813433 0
0.000291111 0.00873155 0
0.000250275 0.00064695 0
0.00025055 0.000696885 0
0.000210028 0.000671825 0
0.000330495 0.00940299 0
0.000291106 0.000671849 0
0.000330495 0.00791045 0
0.000332244 0.00457705 0
0.000291125 0.00460196 0
0.000291452 0.00455202 0
0.00016897 0.00318408 0
0.000209482 0.0031592 0
0.000209484 0.00320896 0
0.000290251 0.00495025 0
0.000330497 0.00497512 0
0.000290249 0.005 0
0.00016897 0.00243781 0
0.000209482 0.00241294 0
0.000209484 0.00246269 0
0.000209479 0.00281095 0
0.000168963 0.00278607 0
0.000209481 0.00276119 0
0.000209749 0.00400498 0
0.000169503 0.0039801 0
0.000209751 0.00395522 0
0.000168966 0.00930349 0
0.000209481 0.00927861 0
0.000209482 0.00932836 0
0.000167756 0.00124385 0
0.000208875 0.00121894 0
0.000208549 0.00126888 0
0.000290835 0.00181594 0
0.000331664 0.00184084 0
0.000291108 0.00186588 0
0.000458563 0.00903012 0
0.000458559 0.000970419 0
0.000458559 0.00216445 0
0.000168763 0.00238806 0
0.000331689 0.00179114 0
0.000331049 0.00492537 0
0.000331844 0.00462683 0
0.000168763 0.00313433 0
0.000168681 0.00283582 0
0.000168723 0.0092538 0
0.000168992 0.00402978 0
0.000458563 0.00425346 0
0.000168156 0.00119406 0
4.14408e-05 0.00156744 0
0.000269573 0.00996506 0
0.000289145 0.00993011 0
0.000330812 0.00993011 0
0.000352906 0.00996506 0
0.000311239 0.00996506 0
0.000230427 3.49429e-05 0
0.000210855 6.98858e-05 0
0.000169188 6.98858e-05 0
0.000147094 3.49429e-05 0
0.000188761 3.49429e-05 0
0.000330707 0.00975478 0
0.000290418 0.00972573 0
0.000331864 0.00970196 0
0.000169293 0.000245223 0
0.000209582 0.000274267 0
0.000168136 0.000298045 0
0.0004703 0.000130647 0
0.0004406 0.000112041 0
0.0004406 6.22895e-05 0
0.0004703 3.11447e-05 0
0.0004703 8.0896e-05 0
2.97e-05 0.00986935 0
5.94e-05 0.00988796 0
5.94e-05 0.00993771 0
2.97e-05 0.00996886 0
2.97e-05 0.0099191 0
2.96858e-05 3.13509e-05 0
5.93715e-05 6.27017e-05 0
5.93715e-05 0.000112453 0
2.96858e-05 0.000130853 0
2.96858e-05 8.11021e-05 0
0.000470314 0.00996865 0
0.000440628 0.0099373 0
0.000440628 0.00988755 0
0.000470314 0.00986915 0
0.000470314 0.0099189 0
0.000293339 0.00216564 0
0.000332049 0.00119417 0
0.000293366 0.00425226 0
0.000332049 0.0023882 0
0.00033205 0.00402971 0
0.000293339 0.000971609 0
0.000168136 0.00492775 0
0.000168136 0.00462449 0
0.000331864 0.0031367 0
0.000331864 0.00283345 0
0.00033205 0.00925388 0
0.000167953 0.00179119 0
0.000206656 0.00156864 0
0.000293366 0.00903133 0
0.000102373 0.000134762 0
0.000115689 0.000175471 0
7.26873e-05 0.000153162 0
0.000397627 0.00986524 0
0.000384311 0.00982453 0
0.000427313 0.00984684 0
0.000376868 0.00990236 0
0.000342793 0.00989876 0
0.000329477 0.00985805 0
0.000350236 0.00982094 0
0.000363552 0.00986165 0
0.000123132 9.76446e-05 0
0.000157207 0.000101237 0
0.000170523 0.000141946 0
0.000149764 0.000179063 0
0.000136448 0.000138354 0
0.000269429 0.000102595 0
0.000230355 0.000103712 0
0.000249928 6.8769e-05 0
0.000230571 0.0098974 0
0.000269645 0.00989629 0
0.000250072 0.00993123 0
0.000101067 0.00993771 0
0.000113033 0.00996886 0
7.13667e-05 0.00996886 0
0.000398933 6.22895e-05 0
0.000386967 3.11447e-05 0
0.000428633 3.11447e-05 0
0.000113019 3.13509e-05 0
0.000101038 6.27017e-05 0
7.13524e-05 3.13509e-05 0
0.000386981 0.00996865 0
0.000398962 0.0099373 0
0.000428648 0.00996865 0
0.000115701 0.00982456 0
0.000102401 0.00986556 0
7.27006e-05 0.00984696 0
0.000384299 0.000175437 0
0.000397599 0.000134436 0
0.000427299 0.000153042 0
0.000210838 0.000133142 0
0.000230395 0.000161455 0
0.000209635 0.000198572 0
0.00016932 0.000207376 0
0.000190079 0.000170259 0
0.000289162 0.00986686 0
0.000269605 0.00983855 0
0.000290365 0.00980143 0
0.00033068 0.00979262 0
0.000309921 0.00982974 0
0.000249924 0.000227615 0
0.000249897 0.000265462 0
0.000209609 0.000236419 0
0.000250076 0.00977238 0
0.000250103 0.00973454 0
0.000290391 0.00976358 0
0.000157365 0.0099012 0
0.000123233 0.00990388 0
0.000149834 0.00982188 0
0.000170666 0.0098602 0
0.000136533 0.00986288 0
0.000342635 9.87969e-05 0
0.000376767 9.61156e-05 0
0.000350166 0.000178119 0
0.000329334 0.000139799 0
0.000363467 0.000137117 0
0.0002903 0.000198658 0
0.000330649 0.000207549 0
0.000290273 0.000236506 0
0.0002097 0.00980134 0
0.000169351 0.00979245 0
0.000209727 0.00976349 0
0.000230532 0.00983966 0
0.000211015 0.00986909 0
0.000190183 0.00983077 0
0.000269468 0.000160338 0
0.000288985 0.000130908 0
0.000309817 0.000169228 0
0.000135199 0.00993503 0
0.000364801 6.49708e-05 0
0.000364887 0.00993371 0
0.000135113 6.62938e-05 0
0.000250088 0.00986797 0
0.000249912 0.000132025 0
